1.0200000000000000178	1095.843559195312082
1.0400000000000000355	1000.9738988356045866
1.0600000000000000533	915.14209895670046535
1.0800000000000000711	837.33383499316403231
1.1000000000000000888	766.69769999894367629
1.1200000000000001066	702.49454147529604597
1.1400000000000001243	644.0928329171644009
1.1599999999999999201	590.90552094002475769
1.1799999999999999378	541.97808656206836986
1.1999999999999999556	496.80139357417391466
1.2199999999999999734	455.08125243634333401
1.2399999999999999911	416.48350831492427915
1.2600000000000000089	380.84954607612922928
1.2800000000000000266	348.00195330030641117
1.3000000000000000444	317.76254729564914214
1.3200000000000000622	289.97531411026193382
1.3400000000000000799	264.49283236704155797
1.3599999999999998757	241.14410678376765418
1.3799999999999998934	219.75161440377232225
1.3999999999999999112	200.14847624540374227
1.4199999999999999289	182.18250270553366477
1.4399999999999999467	165.67066319770526661
1.4599999999999999645	150.48537574560026542
1.4799999999999999822	136.52483278096684671
1.5	123.69803684435088087
1.5200000000000000178	111.92952911790314374
1.5400000000000000355	101.14697009862565835
1.5600000000000000533	91.283506286889959824
1.5800000000000000711	82.271826566208034137
1.6000000000000000888	74.043531692102845909
1.6200000000000001066	66.537946516591361501
1.6400000000000001243	59.69908359331764558
1.6600000000000001421	53.47987274292064086
1.6800000000000001599	47.8377946038042694
1.7000000000000001776	42.731002359118022582
1.7199999999999999734	38.120557401198531977
1.7399999999999999911	33.969154771083609035
1.7600000000000000089	30.242011252073368155
1.7800000000000000266	26.905823654210458074
1.8000000000000000444	23.927582517800544792
1.8200000000000000622	21.274783009542964862
1.8399999999999998579	18.913749059517140694
1.8599999999999998757	16.810981674177465806
1.8799999999999998934	14.937445833498125936
1.8999999999999999112	13.266228680146014085
1.9199999999999999289	11.773042247374863933
1.9399999999999999467	10.436157336357007708
1.9599999999999999645	9.2359118807692990316
1.9799999999999999822	8.1543781207285004342
2	7.1751298895587591886
2.0200000000000000178	6.276081131725629092
2.0400000000000000355	5.4412440862786342066
2.0600000000000000533	4.6544120563330126927
2.0800000000000000711	3.9119367324085896342
2.1000000000000000888	3.2157804262056988165
2.1200000000000001066	2.5681168518396910727
2.1400000000000001243	1.9710419134929813012
2.1600000000000001421	1.4253487615420523671
2.1799999999999997158	0.93090945957995663296
2.2000000000000001776	0.48744954929839712232
2.2199999999999997513	0.094224566796542050251
2.2400000000000002132	-0.25171597479459323354
2.2599999999999997868	-0.55496880696212691486
2.2800000000000002487	-0.82140763119443793716
2.2999999999999998224	-1.0568651864748472846
2.3200000000000002842	-1.2698630703941558018
2.3399999999999998579	-1.4797065567068066194
2.3600000000000003197	-1.688704415083156718
2.3799999999999998934	-1.8954952797575157497
2.4000000000000003553	-2.0987368789313487483
2.4199999999999999289	-2.2971116960573993993
2.4399999999999999467	-2.4890730645093928075
2.4599999999999999645	-2.6729268450033458748
2.4799999999999999822	-2.8469680140795556866
2.5	-3.0095263435583388123
2.5200000000000000178	-3.1590722196243286035
2.5400000000000000355	-3.294542585659579359
2.5600000000000000533	-3.4152380860174393895
2.5800000000000000711	-3.5221282578525339169
2.6000000000000000888	-3.6166959344677400701
2.6200000000000001066	-3.7002934117653030199
2.6400000000000001243	-3.7739403629188874589
2.6600000000000001421	-3.8390546362907236322
2.6799999999999997158	-3.8967320229210442584
2.7000000000000001776	-3.947190856963054717
2.7199999999999997513	-3.9905772257039933137
2.7400000000000002132	-4.0272230385115923568
2.7599999999999997868	-4.0575266675326711052
2.7800000000000002487	-4.0818795284598952122
2.7999999999999998224	-4.1005210511321186218
2.8200000000000002842	-4.1134956367023933765
2.8399999999999998579	-4.120756707812483377
2.8600000000000003197	-4.1222793801594042051
2.8799999999999998934	-4.1181116103882828838
2.9000000000000003553	-4.1083366639554919075
2.9199999999999999289	-4.0933700020875667391
2.9399999999999999467	-4.0738431745377017279
2.9599999999999999645	-4.0503899205782314397
2.9799999999999999822	-4.0236380545160290723
3	-3.9941272456315806139
3.0200000000000000178	-3.9622783444471219028
3.0400000000000000355	-3.928232583079982021
3.0600000000000000533	-3.8920156475936660279
3.0800000000000000711	-3.8536555628776567595
3.1000000000000000888	-3.8131863348719203799
3.1200000000000001066	-3.7706444670153893561
3.1400000000000001243	-3.7261185752813634764
3.1600000000000001421	-3.6798429729352553075
3.1800000000000001599	-3.6320786571453465008
3.2000000000000001776	-3.5830878320475876286
3.2200000000000001954	-3.5331389659638463563
3.2400000000000002132	-3.4825121752345404857
3.2600000000000002309	-3.4314498354514091361
3.2800000000000002487	-3.3801343279900577521
3.3000000000000002665	-3.3287439696873737383
3.3199999999999998401	-3.277394657826228741
3.3399999999999998579	-3.2259531986792624458
3.3599999999999998757	-3.1742481549714507416
3.3799999999999998934	-3.1221189984773549675
3.3999999999999999112	-3.0694061400804466544
3.4199999999999999289	-3.0159508763294189393
3.4399999999999999467	-2.9615953672829089527
3.4599999999999999645	-2.9061826144541123007
3.4799999999999999822	-2.8495792457682846965
3.5	-2.7918240222816574914
3.5200000000000000178	-2.7330343734331519201
3.5400000000000000355	-2.6733288721807135779
3.5600000000000000533	-2.6128268199773860836
3.5800000000000000711	-2.5516482227304075892
3.6000000000000000888	-2.489913765580276106
3.6200000000000001066	-2.4277447866080632544
3.6400000000000001243	-2.3652632487710447684
3.6600000000000001421	-2.3025917099486248318
3.6800000000000001599	-2.239853290544258968
3.7000000000000001776	-2.1771716354437038454
3.7200000000000001954	-2.1146954421036525673
3.7400000000000002132	-2.0526726601981009068
3.7600000000000002309	-1.99137653977901663
3.7800000000000002487	-1.9310836778191053931
3.8000000000000002665	-1.8720731145794953232
3.8199999999999998401	-1.8146181235311922286
3.8399999999999998579	-1.7588393418600729579
3.8599999999999998757	-1.7046941205811301234
3.8799999999999998934	-1.6521315324885148534
3.8999999999999999112	-1.6011001948752434654
3.9199999999999999289	-1.5515480946692195019
3.9399999999999999467	-1.5034223863337914384
3.9599999999999999645	-1.4566691586866742369
3.9799999999999999822	-1.4112331639937127914
4	-1.3670575032133507332
4.0199999999999995737	-1.3240832623937399681
4.0400000000000000355	-1.2822490844647573827
4.0600000000000004974	-1.2414906735500630397
4.0800000000000000711	-1.2017402112389856672
4.0999999999999996447	-1.1629256703063446388
4.1200000000000001066	-1.1249700065460621623
4.1400000000000005684	-1.0877901977471025052
4.1600000000000001421	-1.0512960910066346809
4.1799999999999997158	-1.0153890118733099879
4.2000000000000001776	-0.97996009022122532173
4.2200000000000006395	-0.94489455943670308535
4.2400000000000002132	-0.91009420979369770599
4.2599999999999997868	-0.87546648220061551449
4.2800000000000002487	-0.84092053411819744912
4.3000000000000007105	-0.80641799196069297029
4.3200000000000002842	-0.77199203070597399723
4.3399999999999998579	-0.73768167790401373285
4.3599999999999994316	-0.70352665072690823145
4.3799999999999998934	-0.66956758965140228401
4.4000000000000003553	-0.63584564627105721879
4.4199999999999999289	-0.60240322471863749776
4.4399999999999995026	-0.56928382379729181029
4.4599999999999999645	-0.53653222517353904575
4.4800000000000004263	-0.50419495840023365041
4.5	-0.47231744997684571574
4.5199999999999995737	-0.44092969451310271012
4.5400000000000000355	-0.40996403923159119298
4.5600000000000004974	-0.37922565672374691781
4.5800000000000000711	-0.35189238704822356496
4.5999999999999996447	-0.32689998448685680943
4.6200000000000001066	-0.29705712747929585715
4.6400000000000005684	-0.26049554337408453719
4.6600000000000001421	-0.2211440411104601822
4.6799999999999997158	-0.18491173061823698576
4.7000000000000001776	-0.15425131708852338197
4.7200000000000006395	-0.12956105094134529043
4.7400000000000002132	-0.11029516848355672143
4.7599999999999997868	-0.095573585474389113892
4.7800000000000002487	-0.084476219683279285544
4.8000000000000007105	-0.076150944282059443435
4.8200000000000002842	-0.069824976169099356449
4.8399999999999998579	-0.064778563938602332084
4.8599999999999994316	-0.060330304544346104179
4.8799999999999998934	-0.056136954882507340836
4.9000000000000003553	-0.052177661290446791797
4.9199999999999999289	-0.048444742394723308565
4.9399999999999995026	-0.044930516822040189595
4.9599999999999999645	-0.041627303198894273495
4.9800000000000004263	-0.03852742015202249154
5	-0.035623186307908998038
