33
 SIMULATION TIME
 REACTOR RELATIVE POWER
 REACTOR PRESSURE
 RECIRCULATION_FLOW
 REACTOR PRESSURE VESSEL COARSE COLLAPSED LEVEL
 REACTOR POWER TO COOLANT
 FEED WATER FLOW
 STEAM FLOW
 RPV FINE LEVEL MEASUREMENT
 RPV COARSE LEVEL MEASUREMENT
 RELIEF SYSTEM FLOW
 CORE SPRAY FLOW
 AUX FEED WATER FLOW
 STEAM LINE BREAK VALVE 1 MASS FLOW
 STEAM LINE BREAK VALVE 2 MASS FLOW
 FEED WATER LINE BREAK VALVE 2 MASS FLOW
 CONTAINMENT DRY WELL PRESSURE
 CONTAINMENT WET WELL PRESSURE
 STEAM LINE 1 ISOLATION VALVE POSITION
 STEAM LINE 2 ISOLATION VALVE POSITION
 STEAM LINE 3 ISOLATION VALVE POSITION
 STEAM LINE 4 ISOLATION VALVE POSITION
 MAXIMUM CLADDING TEMPERATURE
 FEED WATER TEMPERATURE IN LINE 1
 FEED WATER TEMPERATURE IN LINE 2
 FEED WATER TEMPERATURE IN LINE 3
 FEED WATER TEMPERATURE IN LINE 4
 MIXTURE TEMPERATURE STEAM LINE 1
 MIXTURE TEMPERATURE STEAM LINE 2
 MIXTURE TEMPERATURE STEAM LINE 3
 MIXTURE TEMPERATURE STEAM LINE 4
 CONTAINMENT DRY WELL TEMPERATURE
 CONTAINMENT WET WELL TEMPERATURE
    0.000000        1.020000        7000000.        7678.679        4.302570        2550.000        1310.363        1310.363        1.802570        4.302570        0.000000        0.000000        0.000000        0.000000        0.000000        0.000000        97381.11        97560.14        1.000000        1.000000        1.000000        1.000000        293.0122        184.3130        184.3125        184.3125        184.3130        282.3107        282.4328        282.3317        282.3695        316.7663        293.2770    
   0.2000000        1.020000        7000000.        7678.679        4.302570        2550.000        1310.363        1310.363        1.802570        4.302570        0.000000        0.000000        0.000000        0.000000        0.000000        0.000000        97380.64        97554.27        1.000000        1.000000        1.000000        1.000000        293.0122        184.3130        184.3125        184.3125        184.3130        282.3107        282.4328        282.3317        282.3695        316.7658        293.2720    
   0.4000000        1.020000        7000000.        7678.679        4.302570        2550.000        1310.363        1310.363        1.802570        4.302570        0.000000        0.000000        0.000000        0.000000        0.000000        0.000000        97380.62        97554.24        1.000000        1.000000        1.000000        1.000000        293.0122        184.3130        184.3125        184.3125        184.3130        282.3107        282.4328        282.3317        282.3695        316.7658        293.2719    
   0.7000000        1.020000        7000000.        7678.679        4.302570        2550.000        1310.363        1310.363        1.802570        4.302570        0.000000        0.000000        0.000000        0.000000        0.000000        0.000000        97380.59        97554.30        1.000000        1.000000        1.000000        1.000000        293.0122        184.3130        184.3125        184.3125        184.3130        282.3107        282.4328        282.3317        282.3695        316.7658        293.2720    
   0.9000000        1.020000        7000000.        7678.679        4.302570        2550.000        1310.363        1310.363        1.802570        4.302570        0.000000        0.000000        0.000000        0.000000        0.000000        0.000000        97380.56        97554.34        1.000000        1.000000        1.000000        1.000000        293.0122        184.3130        184.3125        184.3125        184.3130        282.3107        282.4328        282.3317        282.3695        316.7657        293.2720    
    1.100000        1.020000        7000000.        7678.679        4.302570        2550.000        1310.363        1310.363        1.802570        4.302570        0.000000        0.000000        0.000000        0.000000        0.000000        0.000000        97380.54        97554.38        1.000000        1.000000        1.000000        1.000000        293.0122        184.3130        184.3125        184.3125        184.3130        282.3107        282.4328        282.3317        282.3695        316.7657        293.2721    
    1.200000        1.020000        7000000.        7678.679        4.302570        2550.000        1310.363        1310.363        1.802570        4.302570        0.000000        0.000000        0.000000        0.000000        0.000000        0.000000        97380.52        97554.40        1.000000        1.000000        1.000000        1.000000        293.0122        184.3130        184.3125        184.3125        184.3130        282.3107        282.4328        282.3317        282.3695        316.7657        293.2721    
    1.400000        1.020000        7000000.        7678.679        4.302570        2550.000        1310.363        1310.363        1.802570        4.302570        0.000000        0.000000        0.000000        0.000000        0.000000        0.000000        97380.50        97554.45        1.000000        1.000000        1.000000        1.000000        293.0122        184.3130        184.3125        184.3125        184.3130        282.3107        282.4328        282.3317        282.3695        316.7657        293.2722    
    1.600000        1.020000        7000000.        7678.679        4.302570        2550.000        1310.363        1310.363        1.802570        4.302570        0.000000        0.000000        0.000000        0.000000        0.000000        0.000000        97380.48        97554.48        1.000000        1.000000        1.000000        1.000000        293.0122        184.3130        184.3125        184.3125        184.3130        282.3107        282.4328        282.3317        282.3695        316.7657        293.2722    
    1.800000        1.020000        7000000.        7678.679        4.302570        2550.000        1310.363        1310.363        1.802570        4.302570        0.000000        0.000000        0.000000        0.000000        0.000000        0.000000        97380.45        97554.52        1.000000        1.000000        1.000000        1.000000        293.0122        184.3130        184.3125        184.3125        184.3130        282.3107        282.4328        282.3317        282.3695        316.7656        293.2722    
    2.000000        1.020000        7000000.        7678.679        4.302570        2550.000        1310.363        1310.363        1.802570        4.302570        0.000000        0.000000        0.000000        0.000000        0.000000        0.000000        97380.43        97554.56        1.000000        1.000000        1.000000        1.000000        293.0122        184.3130        184.3125        184.3125        184.3130        282.3107        282.4328        282.3317        282.3695        316.7656        293.2723    
    2.200000        1.020000        7000000.        7678.679        4.302570        2550.000        1310.363        1310.363        1.802570        4.302570        0.000000        0.000000        0.000000        0.000000        0.000000        0.000000        97380.41        97554.59        1.000000        1.000000        1.000000        1.000000        293.0122        184.3130        184.3125        184.3125        184.3130        282.3107        282.4328        282.3317        282.3695        316.7656        293.2723    
    2.400000        1.020000        7000000.        7678.679        4.302570        2550.000        1310.363        1310.363        1.802570        4.302570        0.000000        0.000000        0.000000        0.000000        0.000000        0.000000        97380.40        97554.62        1.000000        1.000000        1.000000        1.000000        293.0122        184.3130        184.3125        184.3125        184.3130        282.3107        282.4328        282.3317        282.3695        316.7656        293.2723    
    2.600000        1.020000        7000000.        7678.679        4.302570        2550.000        1310.363        1310.363        1.802570        4.302570        0.000000        0.000000        0.000000        0.000000        0.000000        0.000000        97380.41        97554.62        1.000000        1.000000        1.000000        1.000000        293.0122        184.3130        184.3125        184.3125        184.3130        282.3107        282.4328        282.3317        282.3695        316.7656        293.2723    
    2.800000        1.020000        7000000.        7678.679        4.302570        2550.000        1310.363        1310.363        1.802570        4.302570        0.000000        0.000000        0.000000        0.000000        0.000000        0.000000        97380.41        97554.60        1.000000        1.000000        1.000000        1.000000        293.0122        184.3130        184.3125        184.3125        184.3130        282.3107        282.4328        282.3317        282.3695        316.7656        293.2723    
    3.000000        1.020000        7000000.        7678.679        4.302570        2550.000        1310.363        1310.363        1.802570        4.302570        0.000000        0.000000        0.000000        0.000000        0.000000        0.000000        97380.42        97554.60        1.000000        1.000000        1.000000        1.000000        293.0122        184.3130        184.3125        184.3125        184.3130        282.3107        282.4328        282.3317        282.3695        316.7656        293.2723    
    3.200000        1.020000        7000000.        7678.679        4.302570        2550.000        1310.363        1310.363        1.802570        4.302570        0.000000        0.000000        0.000000        0.000000        0.000000        0.000000        97380.42        97554.61        1.000000        1.000000        1.000000        1.000000        293.0122        184.3130        184.3125        184.3125        184.3130        282.3107        282.4328        282.3317        282.3695        316.7656        293.2723    
    3.400000        1.020000        7000000.        7678.679        4.302570        2550.000        1310.363        1310.363        1.802570        4.302570        0.000000        0.000000        0.000000        0.000000        0.000000        0.000000        97380.41        97554.62        1.000000        1.000000        1.000000        1.000000        293.0122        184.3130        184.3125        184.3125        184.3130        282.3107        282.4328        282.3317        282.3695        316.7656        293.2723    
    3.600000        1.020000        7000000.        7678.679        4.302570        2550.000        1310.363        1310.363        1.802570        4.302570        0.000000        0.000000        0.000000        0.000000        0.000000        0.000000        97380.41        97554.62        1.000000        1.000000        1.000000        1.000000        293.0122        184.3130        184.3125        184.3125        184.3130        282.3107        282.4328        282.3317        282.3695        316.7656        293.2724    
    3.800000        1.020000        7000000.        7678.679        4.302570        2550.000        1310.363        1310.363        1.802570        4.302570        0.000000        0.000000        0.000000        0.000000        0.000000        0.000000        97380.41        97554.64        1.000000        1.000000        1.000000        1.000000        293.0122        184.3130        184.3125        184.3125        184.3130        282.3107        282.4328        282.3317        282.3695        316.7656        293.2724    
    4.000000        1.020000        7000000.        7678.679        4.302570        2550.000        1310.363        1310.363        1.802570        4.302570        0.000000        0.000000        0.000000        0.000000        0.000000        0.000000        97380.40        97554.66        1.000000        1.000000        1.000000        1.000000        293.0122        184.3130        184.3125        184.3125        184.3130        282.3107        282.4328        282.3317        282.3695        316.7656        293.2724    
    4.200000        1.020000        7000000.        7678.679        4.302570        2550.000        1310.363        1310.363        1.802570        4.302570        0.000000        0.000000        0.000000        0.000000        0.000000        0.000000        97380.39        97554.67        1.000000        1.000000        1.000000        1.000000        293.0122        184.3130        184.3125        184.3125        184.3130        282.3107        282.4328        282.3317        282.3695        316.7656        293.2724    
    4.500000        1.020000        7000000.        7678.679        4.302570        2550.000        1310.363        1310.363        1.802570        4.302570        0.000000        0.000000        0.000000        0.000000        0.000000        0.000000        97380.38        97554.70        1.000000        1.000000        1.000000        1.000000        293.0122        184.3130        184.3125        184.3125        184.3130        282.3107        282.4328        282.3317        282.3695        316.7656        293.2725    
    4.700000        1.020000        7000000.        7678.679        4.302570        2550.000        1310.363        1310.363        1.802570        4.302570        0.000000        0.000000        0.000000        0.000000        0.000000        0.000000        97380.37        97554.71        1.000000        1.000000        1.000000        1.000000        293.0122        184.3130        184.3125        184.3125        184.3130        282.3107        282.4328        282.3317        282.3695        316.7656        293.2725    
    4.900000        1.020000        7000000.        7678.679        4.302570        2550.000        1310.363        1310.363        1.802570        4.302570        0.000000        0.000000        0.000000        0.000000        0.000000        0.000000        97380.36        97554.73        1.000000        1.000000        1.000000        1.000000        293.0122        184.3130        184.3125        184.3125        184.3130        282.3107        282.4328        282.3317        282.3695        316.7656        293.2725    
    5.100000        1.020000        7000000.        7678.679        4.302570        2550.000        1310.363        1310.363        1.802570        4.302570        0.000000        0.000000        0.000000        0.000000        0.000000        0.000000        97380.35        97554.75        1.000000        1.000000        1.000000        1.000000        293.0122        184.3130        184.3125        184.3125        184.3130        282.3107        282.4328        282.3317        282.3695        316.7655        293.2725    
    5.300000        1.020000        7000000.        7678.679        4.302570        2550.000        1310.363        1310.363        1.802570        4.302570        0.000000        0.000000        0.000000        0.000000        0.000000        0.000000        97380.34        97554.77        1.000000        1.000000        1.000000        1.000000        293.0122        184.3130        184.3125        184.3125        184.3130        282.3107        282.4328        282.3317        282.3695        316.7655        293.2725    
    5.500000        1.020000        7000000.        7678.679        4.302570        2550.000        1310.363        1310.363        1.802570        4.302570        0.000000        0.000000        0.000000        0.000000        0.000000        0.000000        97380.34        97554.78        1.000000        1.000000        1.000000        1.000000        293.0122        184.3130        184.3125        184.3125        184.3130        282.3107        282.4328        282.3317        282.3695        316.7655        293.2726    
    5.700000        1.020000        7000000.        7678.679        4.302570        2550.000        1310.363        1310.363        1.802570        4.302570        0.000000        0.000000        0.000000        0.000000        0.000000        0.000000        97380.33        97554.80        1.000000        1.000000        1.000000        1.000000        293.0122        184.3130        184.3125        184.3125        184.3130        282.3107        282.4328        282.3317        282.3695        316.7655        293.2726    
    5.900000        1.020000        7000000.        7678.679        4.302570        2550.000        1310.363        1310.363        1.802570        4.302570        0.000000        0.000000        0.000000        0.000000        0.000000        0.000000        97380.32        97554.81        1.000000        1.000000        1.000000        1.000000        293.0122        184.3130        184.3125        184.3125        184.3130        282.3107        282.4328        282.3317        282.3695        316.7655        293.2726    
    6.100000        1.020000        7000000.        7678.679        4.302570        2550.000        1310.363        1310.363        1.802570        4.302570        0.000000        0.000000        0.000000        0.000000        0.000000        0.000000        97380.31        97554.83        1.000000        1.000000        1.000000        1.000000        293.0122        184.3130        184.3125        184.3125        184.3130        282.3107        282.4328        282.3317        282.3695        316.7655        293.2726    
    6.300000        1.020000        7000000.        7678.679        4.302570        2550.000        1310.363        1310.363        1.802570        4.302570        0.000000        0.000000        0.000000        0.000000        0.000000        0.000000        97380.30        97554.84        1.000000        1.000000        1.000000        1.000000        293.0122        184.3130        184.3125        184.3125        184.3130        282.3107        282.4328        282.3317        282.3695        316.7655        293.2726    
    6.500000        1.020000        7000000.        7678.679        4.302570        2550.000        1310.363        1310.363        1.802570        4.302570        0.000000        0.000000        0.000000        0.000000        0.000000        0.000000        97380.30        97554.87        1.000000        1.000000        1.000000        1.000000        293.0122        184.3130        184.3125        184.3125        184.3130        282.3107        282.4328        282.3317        282.3695        316.7655        293.2726    
    6.700000        1.020000        7000000.        7678.679        4.302570        2550.000        1310.363        1310.363        1.802570        4.302570        0.000000        0.000000        0.000000        0.000000        0.000000        0.000000        97380.29        97554.88        1.000000        1.000000        1.000000        1.000000        293.0122        184.3130        184.3125        184.3125        184.3130        282.3107        282.4328        282.3317        282.3695        316.7655        293.2727    
    6.900000        1.020000        7000000.        7678.679        4.302570        2550.000        1310.363        1310.363        1.802570        4.302570        0.000000        0.000000        0.000000        0.000000        0.000000        0.000000        97380.28        97554.90        1.000000        1.000000        1.000000        1.000000        293.0122        184.3130        184.3125        184.3125        184.3130        282.3107        282.4328        282.3317        282.3695        316.7655        293.2727    
    7.100000        1.020000        7000000.        7678.679        4.302570        2550.000        1310.363        1310.363        1.802570        4.302570        0.000000        0.000000        0.000000        0.000000        0.000000        0.000000        97380.27        97554.91        1.000000        1.000000        1.000000        1.000000        293.0122        184.3130        184.3125        184.3125        184.3130        282.3107        282.4328        282.3317        282.3695        316.7655        293.2727    
    7.300000        1.020000        7000000.        7678.679        4.302570        2550.000        1310.363        1310.363        1.802570        4.302570        0.000000        0.000000        0.000000        0.000000        0.000000        0.000000        97380.26        97554.93        1.000000        1.000000        1.000000        1.000000        293.0122        184.3130        184.3125        184.3125        184.3130        282.3107        282.4328        282.3317        282.3695        316.7655        293.2727    
    7.500000        1.020000        7000000.        7678.679        4.302570        2550.000        1310.363        1310.363        1.802570        4.302570        0.000000        0.000000        0.000000        0.000000        0.000000        0.000000        97380.25        97554.95        1.000000        1.000000        1.000000        1.000000        293.0122        184.3130        184.3125        184.3125        184.3130        282.3107        282.4328        282.3317        282.3695        316.7654        293.2727    
    7.700000        1.020000        7000000.        7678.679        4.302570        2550.000        1310.363        1310.363        1.802570        4.302570        0.000000        0.000000        0.000000        0.000000        0.000000        0.000000        97380.24        97554.96        1.000000        1.000000        1.000000        1.000000        293.0122        184.3130        184.3125        184.3125        184.3130        282.3107        282.4328        282.3317        282.3695        316.7654        293.2728    
    7.900000        1.020000        7000000.        7678.679        4.302570        2550.000        1310.363        1310.363        1.802570        4.302570        0.000000        0.000000        0.000000        0.000000        0.000000        0.000000        97380.23        97554.98        1.000000        1.000000        1.000000        1.000000        293.0122        184.3130        184.3125        184.3125        184.3130        282.3107        282.4328        282.3317        282.3695        316.7654        293.2728    
    8.100000        1.020000        7000000.        7678.679        4.302570        2550.000        1310.363        1310.363        1.802570        4.302570        0.000000        0.000000        0.000000        0.000000        0.000000        0.000000        97380.23        97555.00        1.000000        1.000000        1.000000        1.000000        293.0122        184.3130        184.3125        184.3125        184.3130        282.3107        282.4328        282.3317        282.3695        316.7654        293.2728    
    8.300000        1.020000        7000000.        7678.679        4.302570        2550.000        1310.363        1310.363        1.802570        4.302570        0.000000        0.000000        0.000000        0.000000        0.000000        0.000000        97380.22        97555.02        1.000000        1.000000        1.000000        1.000000        293.0122        184.3130        184.3125        184.3125        184.3130        282.3107        282.4328        282.3317        282.3695        316.7654        293.2728    
    8.500000        1.020000        7000000.        7678.679        4.302570        2550.000        1310.363        1310.363        1.802570        4.302570        0.000000        0.000000        0.000000        0.000000        0.000000        0.000000        97380.21        97555.03        1.000000        1.000000        1.000000        1.000000        293.0122        184.3130        184.3125        184.3125        184.3130        282.3107        282.4328        282.3317        282.3695        316.7654        293.2728    
    8.700000        1.020000        7000000.        7678.679        4.302570        2550.000        1310.363        1310.363        1.802570        4.302570        0.000000        0.000000        0.000000        0.000000        0.000000        0.000000        97380.20        97555.05        1.000000        1.000000        1.000000        1.000000        293.0122        184.3130        184.3125        184.3125        184.3130        282.3107        282.4328        282.3317        282.3695        316.7654        293.2729    
    8.900000        1.020000        7000000.        7678.679        4.302570        2550.000        1310.363        1310.363        1.802570        4.302570        0.000000        0.000000        0.000000        0.000000        0.000000        0.000000        97380.20        97555.06        1.000000        1.000000        1.000000        1.000000        293.0122        184.3130        184.3125        184.3125        184.3130        282.3107        282.4328        282.3317        282.3695        316.7654        293.2729    
    9.100000        1.020000        7000000.        7678.679        4.302570        2550.000        1310.363        1310.363        1.802570        4.302570        0.000000        0.000000        0.000000        0.000000        0.000000        0.000000        97380.19        97555.08        1.000000        1.000000        1.000000        1.000000        293.0122        184.3130        184.3125        184.3125        184.3130        282.3107        282.4328        282.3317        282.3695        316.7654        293.2729    
    9.300000        1.020000        7000000.        7678.679        4.302570        2550.000        1310.363        1310.363        1.802570        4.302570        0.000000        0.000000        0.000000        0.000000        0.000000        0.000000        97380.18        97555.09        1.000000        1.000000        1.000000        1.000000        293.0122        184.3130        184.3125        184.3125        184.3130        282.3107        282.4328        282.3317        282.3695        316.7654        293.2729    
    9.500000        1.020000        7000000.        7678.679        4.302570        2550.000        1310.363        1310.363        1.802570        4.302570        0.000000        0.000000        0.000000        0.000000        0.000000        0.000000        97380.17        97555.11        1.000000        1.000000        1.000000        1.000000        293.0122        184.3130        184.3125        184.3125        184.3130        282.3107        282.4328        282.3317        282.3695        316.7654        293.2729    
    9.700000        1.020000        7000000.        7678.679        4.302570        2550.000        1310.363        1310.363        1.802570        4.302570        0.000000        0.000000        0.000000        0.000000        0.000000        0.000000        97380.16        97555.12        1.000000        1.000000        1.000000        1.000000        293.0122        184.3130        184.3125        184.3125        184.3130        282.3107        282.4328        282.3317        282.3695        316.7654        293.2729    
    9.900000        1.020000        7000000.        7678.679        4.302570        2550.000        1310.363        1310.363        1.802570        4.302570        0.000000        0.000000        0.000000        0.000000        0.000000        0.000000        97380.16        97555.14        1.000000        1.000000        1.000000        1.000000        293.0122        184.3130        184.3125        184.3125        184.3130        282.3107        282.4328        282.3317        282.3695        316.7654        293.2730    
    10.10000        1.020000        7000000.        7678.679        4.302570        2550.000        1310.363        1310.363        1.802570        4.302570        0.000000        0.000000        0.000000        0.000000        0.000000        0.000000        97380.15        97555.16        1.000000        1.000000        1.000000        1.000000        293.0122        184.3130        184.3125        184.3125        184.3130        282.3107        282.4328        282.3317        282.3695        316.7654        293.2730    
    10.30000        1.020000        7000000.        7678.679        4.302570        2550.000        1310.363        1310.363        1.802570        4.302570        0.000000        0.000000        0.000000        0.000000        0.000000        0.000000        97380.14        97555.17        1.000000        1.000000        1.000000        1.000000        293.0122        184.3130        184.3125        184.3125        184.3130        282.3107        282.4328        282.3317        282.3695        316.7654        293.2730    
    10.50000        1.020000        7000000.        7678.679        4.302570        2550.000        1310.363        1310.363        1.802570        4.302570        0.000000        0.000000        0.000000        0.000000        0.000000        0.000000        97380.13        97555.19        1.000000        1.000000        1.000000        1.000000        293.0122        184.3130        184.3125        184.3125        184.3130        282.3107        282.4328        282.3317        282.3695        316.7654        293.2730    
    10.70000        1.020000        7000000.        7678.679        4.302570        2550.000        1310.363        1310.363        1.802570        4.302570        0.000000        0.000000        0.000000        0.000000        0.000000        0.000000        97380.12        97555.20        1.000000        1.000000        1.000000        1.000000        293.0122        184.3130        184.3125        184.3125        184.3130        282.3107        282.4328        282.3317        282.3695        316.7654        293.2730    
    10.90000        1.020000        7000000.        7678.679        4.302570        2550.000        1310.363        1310.363        1.802570        4.302570        0.000000        0.000000        0.000000        0.000000        0.000000        0.000000        97380.12        97555.22        1.000000        1.000000        1.000000        1.000000        293.0122        184.3130        184.3125        184.3125        184.3130        282.3107        282.4328        282.3317        282.3695        316.7653        293.2731    
    11.10000        1.020000        7000000.        7678.679        4.302570        2550.000        1310.363        1310.363        1.802570        4.302570        0.000000        0.000000        0.000000        0.000000        0.000000        0.000000        97380.11        97555.24        1.000000        1.000000        1.000000        1.000000        293.0122        184.3130        184.3125        184.3125        184.3130        282.3107        282.4328        282.3317        282.3695        316.7653        293.2731    
    11.30000        1.020000        7000000.        7678.679        4.302570        2550.000        1310.363        1310.363        1.802570        4.302570        0.000000        0.000000        0.000000        0.000000        0.000000        0.000000        97380.10        97555.26        1.000000        1.000000        1.000000        1.000000        293.0122        184.3130        184.3125        184.3125        184.3130        282.3107        282.4328        282.3317        282.3695        316.7653        293.2731    
    11.50000        1.020000        7000000.        7678.679        4.302570        2550.000        1310.363        1310.363        1.802570        4.302570        0.000000        0.000000        0.000000        0.000000        0.000000        0.000000        97380.09        97555.27        1.000000        1.000000        1.000000        1.000000        293.0122        184.3130        184.3125        184.3125        184.3130        282.3107        282.4328        282.3317        282.3695        316.7653        293.2731    
    11.70000        1.020000        7000000.        7678.679        4.302570        2550.000        1310.363        1310.363        1.802570        4.302570        0.000000        0.000000        0.000000        0.000000        0.000000        0.000000        97380.09        97555.29        1.000000        1.000000        1.000000        1.000000        293.0122        184.3130        184.3125        184.3125        184.3130        282.3107        282.4328        282.3317        282.3695        316.7653        293.2731    
    11.90000        1.020000        7000000.        7678.679        4.302570        2550.000        1310.363        1310.363        1.802570        4.302570        0.000000        0.000000        0.000000        0.000000        0.000000        0.000000        97380.08        97555.30        1.000000        1.000000        1.000000        1.000000        293.0122        184.3130        184.3125        184.3125        184.3130        282.3107        282.4328        282.3317        282.3695        316.7653        293.2732    
    12.10000        1.020000        7000000.        7678.679        4.302570        2550.000        1310.363        1310.363        1.802570        4.302570        0.000000        0.000000        0.000000        0.000000        0.000000        0.000000        97380.07        97555.32        1.000000        1.000000        1.000000        1.000000        293.0122        184.3130        184.3125        184.3125        184.3130        282.3107        282.4328        282.3317        282.3695        316.7653        293.2732    
    12.30000        1.020000        7000000.        7678.679        4.302570        2550.000        1310.363        1310.363        1.802570        4.302570        0.000000        0.000000        0.000000        0.000000        0.000000        0.000000        97380.06        97555.34        1.000000        1.000000        1.000000        1.000000        293.0122        184.3130        184.3125        184.3125        184.3130        282.3107        282.4328        282.3317        282.3695        316.7653        293.2732    
    12.50000        1.020000        7000000.        7678.679        4.302570        2550.000        1310.363        1310.363        1.802570        4.302570        0.000000        0.000000        0.000000        0.000000        0.000000        0.000000        97380.05        97555.35        1.000000        1.000000        1.000000        1.000000        293.0122        184.3130        184.3125        184.3125        184.3130        282.3107        282.4328        282.3317        282.3695        316.7653        293.2732    
    12.70000        1.020000        7000000.        7678.679        4.302570        2550.000        1310.363        1310.363        1.802570        4.302570        0.000000        0.000000        0.000000        0.000000        0.000000        0.000000        97380.05        97555.37        1.000000        1.000000        1.000000        1.000000        293.0122        184.3130        184.3125        184.3125        184.3130        282.3107        282.4328        282.3317        282.3695        316.7653        293.2732    
    12.90000        1.020000        7000000.        7678.679        4.302570        2550.000        1310.363        1310.363        1.802570        4.302570        0.000000        0.000000        0.000000        0.000000        0.000000        0.000000        97380.05        97555.38        1.000000        1.000000        1.000000        1.000000        293.0122        184.3130        184.3125        184.3125        184.3130        282.3107        282.4328        282.3317        282.3695        316.7653        293.2733    
    13.10000        1.020000        7000000.        7678.679        4.302570        2550.000        1310.363        1310.363        1.802570        4.302570        0.000000        0.000000        0.000000        0.000000        0.000000        0.000000        97380.04        97555.40        1.000000        1.000000        1.000000        1.000000        293.0122        184.3130        184.3125        184.3125        184.3130        282.3107        282.4328        282.3317        282.3695        316.7653        293.2733    
    13.30000        1.020000        7000000.        7678.679        4.302570        2550.000        1310.363        1310.363        1.802570        4.302570        0.000000        0.000000        0.000000        0.000000        0.000000        0.000000        97380.03        97555.41        1.000000        1.000000        1.000000        1.000000        293.0122        184.3130        184.3125        184.3125        184.3130        282.3107        282.4328        282.3317        282.3695        316.7653        293.2733    
    13.50000        1.020000        7000000.        7678.679        4.302570        2550.000        1310.363        1310.363        1.802570        4.302570        0.000000        0.000000        0.000000        0.000000        0.000000        0.000000        97380.02        97555.43        1.000000        1.000000        1.000000        1.000000        293.0122        184.3130        184.3125        184.3125        184.3130        282.3107        282.4328        282.3317        282.3695        316.7652        293.2733    
    13.70000        1.020000        7000000.        7678.679        4.302570        2550.000        1310.363        1310.363        1.802570        4.302570        0.000000        0.000000        0.000000        0.000000        0.000000        0.000000        97380.02        97555.44        1.000000        1.000000        1.000000        1.000000        293.0122        184.3130        184.3125        184.3125        184.3130        282.3107        282.4328        282.3317        282.3695        316.7652        293.2733    
    13.90000        1.020000        7000000.        7678.679        4.302570        2550.000        1310.363        1310.363        1.802570        4.302570        0.000000        0.000000        0.000000        0.000000        0.000000        0.000000        97380.01        97555.45        1.000000        1.000000        1.000000        1.000000        293.0122        184.3130        184.3125        184.3125        184.3130        282.3107        282.4328        282.3317        282.3695        316.7652        293.2733    
    14.10000        1.020000        7000000.        7678.679        4.302570        2550.000        1310.363        1310.363        1.802570        4.302570        0.000000        0.000000        0.000000        0.000000        0.000000        0.000000        97380.00        97555.47        1.000000        1.000000        1.000000        1.000000        293.0122        184.3130        184.3125        184.3125        184.3130        282.3107        282.4328        282.3317        282.3695        316.7652        293.2733    
    14.30000        1.020000        7000000.        7678.679        4.302570        2550.000        1310.363        1310.363        1.802570        4.302570        0.000000        0.000000        0.000000        0.000000        0.000000        0.000000        97379.99        97555.48        1.000000        1.000000        1.000000        1.000000        293.0122        184.3130        184.3125        184.3125        184.3130        282.3107        282.4328        282.3317        282.3695        316.7652        293.2734    
    14.50000        1.020000        7000000.        7678.679        4.302570        2550.000        1310.363        1310.363        1.802570        4.302570        0.000000        0.000000        0.000000        0.000000        0.000000        0.000000        97379.98        97555.50        1.000000        1.000000        1.000000        1.000000        293.0122        184.3130        184.3125        184.3125        184.3130        282.3107        282.4328        282.3317        282.3695        316.7652        293.2734    
    14.70000        1.020000        7000000.        7678.679        4.302570        2550.000        1310.363        1310.363        1.802570        4.302570        0.000000        0.000000        0.000000        0.000000        0.000000        0.000000        97379.98        97555.52        1.000000        1.000000        1.000000        1.000000        293.0122        184.3130        184.3125        184.3125        184.3130        282.3107        282.4328        282.3317        282.3695        316.7652        293.2734    
    14.90000        1.020000        7000000.        7678.679        4.302570        2550.000        1310.363        1310.363        1.802570        4.302570        0.000000        0.000000        0.000000        0.000000        0.000000        0.000000        97379.97        97555.53        1.000000        1.000000        1.000000        1.000000        293.0122        184.3130        184.3125        184.3125        184.3130        282.3107        282.4328        282.3317        282.3695        316.7652        293.2734    
    15.10000        1.020000        7000000.        7678.679        4.302570        2550.000        1310.363        1310.363        1.802570        4.302570        0.000000        0.000000        0.000000        0.000000        0.000000        0.000000        97379.96        97555.55        1.000000        1.000000        1.000000        1.000000        293.0122        184.3130        184.3125        184.3125        184.3130        282.3107        282.4328        282.3317        282.3695        316.7652        293.2734    
    15.30000        1.020000        7000000.        7678.679        4.302570        2550.000        1310.363        1310.363        1.802570        4.302570        0.000000        0.000000        0.000000        0.000000        0.000000        0.000000        97379.95        97555.56        1.000000        1.000000        1.000000        1.000000        293.0122        184.3130        184.3125        184.3125        184.3130        282.3107        282.4328        282.3317        282.3695        316.7652        293.2735    
    15.50000        1.020000        7000000.        7678.679        4.302570        2550.000        1310.363        1310.363        1.802570        4.302570        0.000000        0.000000        0.000000        0.000000        0.000000        0.000000        97379.95        97555.58        1.000000        1.000000        1.000000        1.000000        293.0122        184.3130        184.3125        184.3125        184.3130        282.3107        282.4328        282.3317        282.3695        316.7652        293.2735    
    15.70000        1.020000        7000000.        7678.679        4.302570        2550.000        1310.363        1310.363        1.802570        4.302570        0.000000        0.000000        0.000000        0.000000        0.000000        0.000000        97379.94        97555.59        1.000000        1.000000        1.000000        1.000000        293.0122        184.3130        184.3125        184.3125        184.3130        282.3107        282.4328        282.3317        282.3695        316.7652        293.2735    
    15.90000        1.020000        7000000.        7678.679        4.302570        2550.000        1310.363        1310.363        1.802570        4.302570        0.000000        0.000000        0.000000        0.000000        0.000000        0.000000        97379.94        97555.61        1.000000        1.000000        1.000000        1.000000        293.0122        184.3130        184.3125        184.3125        184.3130        282.3107        282.4328        282.3317        282.3695        316.7652        293.2735    
    16.10000        1.020000        7000000.        7678.679        4.302570        2550.000        1310.363        1310.363        1.802570        4.302570        0.000000        0.000000        0.000000        0.000000        0.000000        0.000000        97379.93        97555.62        1.000000        1.000000        1.000000        1.000000        293.0122        184.3130        184.3125        184.3125        184.3130        282.3107        282.4328        282.3317        282.3695        316.7651        293.2735    
    16.30000        1.020000        7000000.        7678.679        4.302570        2550.000        1310.363        1310.363        1.802570        4.302570        0.000000        0.000000        0.000000        0.000000        0.000000        0.000000        97379.92        97555.64        1.000000        1.000000        1.000000        1.000000        293.0122        184.3130        184.3125        184.3125        184.3130        282.3107        282.4328        282.3317        282.3695        316.7651        293.2736    
    16.50000        1.020000        7000000.        7678.679        4.302570        2550.000        1310.363        1310.363        1.802570        4.302570        0.000000        0.000000        0.000000        0.000000        0.000000        0.000000        97379.91        97555.65        1.000000        1.000000        1.000000        1.000000        293.0122        184.3130        184.3125        184.3125        184.3130        282.3107        282.4328        282.3317        282.3695        316.7651        293.2736    
    16.70000        1.020000        7000000.        7678.679        4.302570        2550.000        1310.363        1310.363        1.802570        4.302570        0.000000        0.000000        0.000000        0.000000        0.000000        0.000000        97379.91        97555.66        1.000000        1.000000        1.000000        1.000000        293.0122        184.3130        184.3125        184.3125        184.3130        282.3107        282.4328        282.3317        282.3695        316.7651        293.2736    
    16.90000        1.020000        7000000.        7678.679        4.302570        2550.000        1310.363        1310.363        1.802570        4.302570        0.000000        0.000000        0.000000        0.000000        0.000000        0.000000        97379.90        97555.68        1.000000        1.000000        1.000000        1.000000        293.0122        184.3130        184.3125        184.3125        184.3130        282.3107        282.4328        282.3317        282.3695        316.7651        293.2736    
    17.00000        1.020000        7000000.        7678.679        4.302570        2550.000        1310.363        1310.363        1.802570        4.302570        0.000000        0.000000        0.000000        0.000000        0.000000        0.000000        97379.90        97555.69        1.000000        1.000000        1.000000        1.000000        293.0122        184.3130        184.3125        184.3125        184.3130        282.3107        282.4328        282.3317        282.3695        316.7651        293.2736    
    17.20000        1.020000        7000000.        7678.679        4.302570        2550.000        1310.363        1310.363        1.802570        4.302570        0.000000        0.000000        0.000000        0.000000        0.000000        0.000000        97379.89        97555.70        1.000000        1.000000        1.000000        1.000000        293.0122        184.3130        184.3125        184.3125        184.3130        282.3107        282.4328        282.3317        282.3695        316.7651        293.2736    
    17.40000        1.020000        7000000.        7678.679        4.302570        2550.000        1310.363        1310.363        1.802570        4.302570        0.000000        0.000000        0.000000        0.000000        0.000000        0.000000        97379.88        97555.72        1.000000        1.000000        1.000000        1.000000        293.0122        184.3130        184.3125        184.3125        184.3130        282.3107        282.4328        282.3317        282.3695        316.7651        293.2737    
    17.60000        1.020000        7000000.        7678.679        4.302569        2550.000        1310.363        1310.363        1.802570        4.302569        0.000000        0.000000        0.000000        0.000000        0.000000        0.000000        97379.88        97555.73        1.000000        1.000000        1.000000        1.000000        293.0122        184.3130        184.3125        184.3125        184.3130        282.3107        282.4328        282.3317        282.3695        316.7651        293.2737    
    17.80000        1.020000        7000000.        7678.679        4.302569        2550.000        1310.363        1310.363        1.802570        4.302569        0.000000        0.000000        0.000000        0.000000        0.000000        0.000000        97379.87        97555.75        1.000000        1.000000        1.000000        1.000000        293.0122        184.3130        184.3125        184.3125        184.3130        282.3107        282.4328        282.3317        282.3695        316.7651        293.2737    
    18.00000        1.020000        7000000.        7678.679        4.302569        2550.000        1310.363        1310.363        1.802570        4.302569        0.000000        0.000000        0.000000        0.000000        0.000000        0.000000        97379.86        97555.77        1.000000        1.000000        1.000000        1.000000        293.0122        184.3130        184.3125        184.3125        184.3130        282.3107        282.4328        282.3317        282.3695        316.7651        293.2737    
    18.20000        1.020000        7000000.        7678.679        4.302569        2550.000        1310.363        1310.363        1.802570        4.302569        0.000000        0.000000        0.000000        0.000000        0.000000        0.000000        97379.85        97555.77        1.000000        1.000000        1.000000        1.000000        293.0122        184.3130        184.3125        184.3125        184.3130        282.3107        282.4328        282.3317        282.3695        316.7651        293.2737    
    18.40000        1.020000        7000000.        7678.679        4.302569        2550.000        1310.363        1310.363        1.802570        4.302569        0.000000        0.000000        0.000000        0.000000        0.000000        0.000000        97379.84        97555.79        1.000000        1.000000        1.000000        1.000000        293.0122        184.3130        184.3125        184.3125        184.3130        282.3107        282.4328        282.3317        282.3695        316.7651        293.2737    
    18.60000        1.020000        7000000.        7678.679        4.302569        2550.000        1310.363        1310.363        1.802570        4.302569        0.000000        0.000000        0.000000        0.000000        0.000000        0.000000        97379.84        97555.80        1.000000        1.000000        1.000000        1.000000        293.0122        184.3130        184.3125        184.3125        184.3130        282.3107        282.4328        282.3317        282.3695        316.7651        293.2737    
    18.80000        1.020000        7000000.        7678.679        4.302569        2550.000        1310.363        1310.363        1.802570        4.302569        0.000000        0.000000        0.000000        0.000000        0.000000        0.000000        97379.84        97555.82        1.000000        1.000000        1.000000        1.000000        293.0122        184.3130        184.3125        184.3125        184.3130        282.3107        282.4328        282.3317        282.3695        316.7651        293.2738    
    19.00000        1.020000        7000000.        7678.679        4.302569        2550.000        1310.363        1310.363        1.802570        4.302569        0.000000        0.000000        0.000000        0.000000        0.000000        0.000000        97379.83        97555.84        1.000000        1.000000        1.000000        1.000000        293.0122        184.3130        184.3125        184.3125        184.3130        282.3107        282.4328        282.3317        282.3695        316.7650        293.2738    
    19.20000        1.020000        7000000.        7678.679        4.302569        2550.000        1310.363        1310.363        1.802570        4.302569        0.000000        0.000000        0.000000        0.000000        0.000000        0.000000        97379.82        97555.85        1.000000        1.000000        1.000000        1.000000        293.0122        184.3130        184.3125        184.3125        184.3130        282.3107        282.4328        282.3317        282.3695        316.7650        293.2738    
    19.40000        1.020000        7000000.        7678.679        4.302569        2550.000        1310.363        1310.363        1.802570        4.302569        0.000000        0.000000        0.000000        0.000000        0.000000        0.000000        97379.81        97555.86        1.000000        1.000000        1.000000        1.000000        293.0122        184.3130        184.3125        184.3125        184.3130        282.3107        282.4328        282.3317        282.3695        316.7650        293.2738    
    19.60000        1.020000        7000000.        7678.679        4.302569        2550.000        1310.363        1310.363        1.802570        4.302569        0.000000        0.000000        0.000000        0.000000        0.000000        0.000000        97379.80        97555.88        1.000000        1.000000        1.000000        1.000000        293.0122        184.3130        184.3125        184.3125        184.3130        282.3107        282.4328        282.3317        282.3695        316.7650        293.2738    
    19.80000        1.020000        7000000.        7678.679        4.302569        2550.000        1310.363        1310.363        1.802570        4.302569        0.000000        0.000000        0.000000        0.000000        0.000000        0.000000        97379.80        97555.89        1.000000        1.000000        1.000000        1.000000        293.0122        184.3130        184.3125        184.3125        184.3130        282.3107        282.4328        282.3317        282.3695        316.7650        293.2738    
    20.00000        1.020000        7000000.        7678.679        4.302569        2550.000        1310.363        1310.363        1.802570        4.302569        0.000000        0.000000        0.000000        0.000000        0.000000        0.000000        97379.80        97555.91        1.000000        1.000000        1.000000        1.000000        293.0122        184.3130        184.3125        184.3125        184.3130        282.3107        282.4328        282.3317        282.3695        316.7650        293.2739    
    20.20000        1.020000        7000000.        7678.679        4.302569        2550.000        1310.363        1310.363        1.802570        4.302569        0.000000        0.000000        0.000000        0.000000        0.000000        0.000000        97379.79        97555.92        1.000000        1.000000        1.000000        1.000000        293.0122        184.3130        184.3125        184.3125        184.3130        282.3107        282.4328        282.3317        282.3695        316.7650        293.2739    
    20.40000        1.020000        7000000.        7678.679        4.302569        2550.000        1310.363        1310.363        1.802570        4.302569        0.000000        0.000000        0.000000        0.000000        0.000000        0.000000        97379.78        97555.94        1.000000        1.000000        1.000000        1.000000        293.0122        184.3130        184.3125        184.3125        184.3130        282.3107        282.4328        282.3317        282.3695        316.7650        293.2739    
    20.60000        1.020000        7000000.        7678.679        4.302569        2550.000        1310.363        1310.363        1.802570        4.302569        0.000000        0.000000        0.000000        0.000000        0.000000        0.000000        97379.77        97555.95        1.000000        1.000000        1.000000        1.000000        293.0122        184.3130        184.3125        184.3125        184.3130        282.3107        282.4328        282.3317        282.3695        316.7650        293.2739    
    20.80000        1.020000        7000000.        7678.679        4.302569        2550.000        1310.363        1310.363        1.802570        4.302569        0.000000        0.000000        0.000000        0.000000        0.000000        0.000000        97379.77        97555.96        1.000000        1.000000        1.000000        1.000000        293.0122        184.3130        184.3125        184.3125        184.3130        282.3107        282.4328        282.3317        282.3695        316.7650        293.2739    
    21.00000        1.020000        7000000.        7678.679        4.302569        2550.000        1310.363        1310.363        1.802570        4.302569        0.000000        0.000000        0.000000        0.000000        0.000000        0.000000        97379.76        97555.98        1.000000        1.000000        1.000000        1.000000        293.0122        184.3130        184.3125        184.3125        184.3130        282.3107        282.4328        282.3317        282.3695        316.7650        293.2740    
    21.20000        1.020000        7000000.        7678.679        4.302569        2550.000        1310.363        1310.363        1.802570        4.302569        0.000000        0.000000        0.000000        0.000000        0.000000        0.000000        97379.76        97555.99        1.000000        1.000000        1.000000        1.000000        293.0122        184.3130        184.3125        184.3125        184.3130        282.3107        282.4328        282.3317        282.3695        316.7650        293.2740    
    21.40000        1.020000        7000000.        7678.679        4.302569        2550.000        1310.363        1310.363        1.802570        4.302569        0.000000        0.000000        0.000000        0.000000        0.000000        0.000000        97379.75        97556.00        1.000000        1.000000        1.000000        1.000000        293.0122        184.3130        184.3125        184.3125        184.3130        282.3107        282.4328        282.3317        282.3695        316.7650        293.2740    
    21.60000        1.020000        7000000.        7678.679        4.302569        2550.000        1310.363        1310.363        1.802570        4.302569        0.000000        0.000000        0.000000        0.000000        0.000000        0.000000        97379.74        97556.02        1.000000        1.000000        1.000000        1.000000        293.0122        184.3130        184.3125        184.3125        184.3130        282.3107        282.4328        282.3317        282.3695        316.7650        293.2740    
    21.80000        1.020000        7000000.        7678.679        4.302569        2550.000        1310.363        1310.363        1.802570        4.302569        0.000000        0.000000        0.000000        0.000000        0.000000        0.000000        97379.73        97556.03        1.000000        1.000000        1.000000        1.000000        293.0122        184.3130        184.3125        184.3125        184.3130        282.3107        282.4328        282.3317        282.3695        316.7650        293.2740    
    22.00000        1.020000        7000000.        7678.679        4.302569        2550.000        1310.363        1310.363        1.802570        4.302569        0.000000        0.000000        0.000000        0.000000        0.000000        0.000000        97379.73        97556.05        1.000000        1.000000        1.000000        1.000000        293.0122        184.3130        184.3125        184.3125        184.3130        282.3107        282.4328        282.3317        282.3695        316.7650        293.2740    
    22.20000        1.020000        7000000.        7678.679        4.302569        2550.000        1310.363        1310.363        1.802570        4.302569        0.000000        0.000000        0.000000        0.000000        0.000000        0.000000        97379.73        97556.06        1.000000        1.000000        1.000000        1.000000        293.0122        184.3130        184.3125        184.3125        184.3130        282.3107        282.4328        282.3317        282.3695        316.7650        293.2740    
    22.40000        1.020000        7000000.        7678.679        4.302569        2550.000        1310.363        1310.363        1.802570        4.302569        0.000000        0.000000        0.000000        0.000000        0.000000        0.000000        97379.72        97556.07        1.000000        1.000000        1.000000        1.000000        293.0122        184.3130        184.3125        184.3125        184.3130        282.3107        282.4328        282.3317        282.3695        316.7650        293.2740    
    22.60000        1.020000        7000000.        7678.679        4.302569        2550.000        1310.363        1310.363        1.802570        4.302569        0.000000        0.000000        0.000000        0.000000        0.000000        0.000000        97379.71        97556.09        1.000000        1.000000        1.000000        1.000000        293.0122        184.3130        184.3125        184.3125        184.3130        282.3107        282.4328        282.3317        282.3695        316.7650        293.2741    
    22.80000        1.020000        7000000.        7678.679        4.302569        2550.000        1310.363        1310.363        1.802570        4.302569        0.000000        0.000000        0.000000        0.000000        0.000000        0.000000        97379.70        97556.10        1.000000        1.000000        1.000000        1.000000        293.0122        184.3130        184.3125        184.3125        184.3130        282.3107        282.4328        282.3317        282.3695        316.7650        293.2741    
    23.00000        1.020000        7000000.        7678.679        4.302569        2550.000        1310.363        1310.363        1.802570        4.302569        0.000000        0.000000        0.000000        0.000000        0.000000        0.000000        97379.70        97556.12        1.000000        1.000000        1.000000        1.000000        293.0122        184.3130        184.3125        184.3125        184.3130        282.3107        282.4328        282.3317        282.3695        316.7650        293.2741    
    23.20000        1.020000        7000000.        7678.679        4.302569        2550.000        1310.363        1310.363        1.802570        4.302569        0.000000        0.000000        0.000000        0.000000        0.000000        0.000000        97379.70        97556.12        1.000000        1.000000        1.000000        1.000000        293.0122        184.3130        184.3125        184.3125        184.3130        282.3107        282.4328        282.3317        282.3695        316.7649        293.2741    
    23.40000        1.020000        7000000.        7678.679        4.302569        2550.000        1310.363        1310.363        1.802570        4.302569        0.000000        0.000000        0.000000        0.000000        0.000000        0.000000        97379.69        97556.14        1.000000        1.000000        1.000000        1.000000        293.0122        184.3130        184.3125        184.3125        184.3130        282.3107        282.4328        282.3317        282.3695        316.7649        293.2741    
    23.60000        1.020000        7000000.        7678.679        4.302569        2550.000        1310.363        1310.363        1.802570        4.302569        0.000000        0.000000        0.000000        0.000000        0.000000        0.000000        97379.68        97556.16        1.000000        1.000000        1.000000        1.000000        293.0122        184.3130        184.3125        184.3125        184.3130        282.3107        282.4328        282.3317        282.3695        316.7649        293.2742    
    23.80000        1.020000        7000000.        7678.679        4.302569        2550.000        1310.363        1310.363        1.802570        4.302569        0.000000        0.000000        0.000000        0.000000        0.000000        0.000000        97379.67        97556.16        1.000000        1.000000        1.000000        1.000000        293.0122        184.3130        184.3125        184.3125        184.3130        282.3107        282.4328        282.3317        282.3695        316.7649        293.2742    
    24.00000        1.020000        7000000.        7678.679        4.302569        2550.000        1310.363        1310.363        1.802570        4.302569        0.000000        0.000000        0.000000        0.000000        0.000000        0.000000        97379.66        97556.18        1.000000        1.000000        1.000000        1.000000        293.0122        184.3130        184.3125        184.3125        184.3130        282.3107        282.4328        282.3317        282.3695        316.7649        293.2742    
    24.20000        1.020000        7000000.        7678.679        4.302569        2550.000        1310.363        1310.363        1.802570        4.302569        0.000000        0.000000        0.000000        0.000000        0.000000        0.000000        97379.66        97556.20        1.000000        1.000000        1.000000        1.000000        293.0122        184.3130        184.3125        184.3125        184.3130        282.3107        282.4328        282.3317        282.3695        316.7649        293.2742    
    24.40000        1.020000        7000000.        7678.679        4.302569        2550.000        1310.363        1310.363        1.802570        4.302569        0.000000        0.000000        0.000000        0.000000        0.000000        0.000000        97379.66        97556.21        1.000000        1.000000        1.000000        1.000000        293.0122        184.3130        184.3125        184.3125        184.3130        282.3107        282.4328        282.3317        282.3695        316.7649        293.2742    
    24.60000        1.020000        7000000.        7678.679        4.302569        2550.000        1310.363        1310.363        1.802570        4.302569        0.000000        0.000000        0.000000        0.000000        0.000000        0.000000        97379.65        97556.22        1.000000        1.000000        1.000000        1.000000        293.0122        184.3130        184.3125        184.3125        184.3130        282.3107        282.4328        282.3317        282.3695        316.7649        293.2742    
    24.80000        1.020000        7000000.        7678.679        4.302569        2550.000        1310.363        1310.363        1.802570        4.302569        0.000000        0.000000        0.000000        0.000000        0.000000        0.000000        97379.64        97556.23        1.000000        1.000000        1.000000        1.000000        293.0122        184.3130        184.3125        184.3125        184.3130        282.3107        282.4328        282.3317        282.3695        316.7649        293.2743    
    25.00000        1.020000        7000000.        7678.679        4.302569        2550.000        1310.363        1310.363        1.802570        4.302569        0.000000        0.000000        0.000000        0.000000        0.000000        0.000000        97379.64        97556.25        1.000000        1.000000        1.000000        1.000000        293.0122        184.3130        184.3125        184.3125        184.3130        282.3107        282.4328        282.3317        282.3695        316.7649        293.2743    
    25.20000        1.020000        7000000.        7678.679        4.302569        2550.000        1310.363        1310.363        1.802570        4.302569        0.000000        0.000000        0.000000        0.000000        0.000000        0.000000        97379.63        97556.26        1.000000        1.000000        1.000000        1.000000        293.0122        184.3130        184.3125        184.3125        184.3130        282.3107        282.4328        282.3317        282.3695        316.7649        293.2743    
    25.40000        1.020000        7000000.        7678.679        4.302569        2550.000        1310.363        1310.363        1.802570        4.302569        0.000000        0.000000        0.000000        0.000000        0.000000        0.000000        97379.62        97556.27        1.000000        1.000000        1.000000        1.000000        293.0122        184.3130        184.3125        184.3125        184.3130        282.3107        282.4328        282.3317        282.3695        316.7649        293.2743    
    25.60000        1.020000        7000000.        7678.679        4.302569        2550.000        1310.363        1310.363        1.802570        4.302569        0.000000        0.000000        0.000000        0.000000        0.000000        0.000000        97379.62        97556.29        1.000000        1.000000        1.000000        1.000000        293.0122        184.3130        184.3125        184.3125        184.3130        282.3107        282.4328        282.3317        282.3695        316.7649        293.2743    
    25.80000        1.020000        7000000.        7678.679        4.302569        2550.000        1310.363        1310.363        1.802570        4.302569        0.000000        0.000000        0.000000        0.000000        0.000000        0.000000        97379.62        97556.30        1.000000        1.000000        1.000000        1.000000        293.0122        184.3130        184.3125        184.3125        184.3130        282.3107        282.4328        282.3317        282.3695        316.7649        293.2743    
    26.00000        1.020000        7000000.        7678.679        4.302569        2550.000        1310.363        1310.363        1.802570        4.302569        0.000000        0.000000        0.000000        0.000000        0.000000        0.000000        97379.61        97556.31        1.000000        1.000000        1.000000        1.000000        293.0122        184.3130        184.3125        184.3125        184.3130        282.3107        282.4328        282.3317        282.3695        316.7649        293.2744    
    26.20000        1.020000        7000000.        7678.679        4.302569        2550.000        1310.363        1310.363        1.802570        4.302569        0.000000        0.000000        0.000000        0.000000        0.000000        0.000000        97379.60        97556.33        1.000000        1.000000        1.000000        1.000000        293.0122        184.3130        184.3125        184.3125        184.3130        282.3107        282.4328        282.3317        282.3695        316.7649        293.2744    
    26.40000        1.020000        7000000.        7678.679        4.302569        2550.000        1310.363        1310.363        1.802570        4.302569        0.000000        0.000000        0.000000        0.000000        0.000000        0.000000        97379.59        97556.34        1.000000        1.000000        1.000000        1.000000        293.0122        184.3130        184.3125        184.3125        184.3130        282.3107        282.4328        282.3317        282.3695        316.7648        293.2744    
    26.60000        1.020000        7000000.        7678.679        4.302569        2550.000        1310.363        1310.363        1.802570        4.302569        0.000000        0.000000        0.000000        0.000000        0.000000        0.000000        97379.59        97556.35        1.000000        1.000000        1.000000        1.000000        293.0122        184.3130        184.3125        184.3125        184.3130        282.3107        282.4328        282.3317        282.3695        316.7648        293.2744    
    26.80000        1.020000        7000000.        7678.679        4.302569        2550.000        1310.363        1310.363        1.802570        4.302569        0.000000        0.000000        0.000000        0.000000        0.000000        0.000000        97379.59        97556.37        1.000000        1.000000        1.000000        1.000000        293.0122        184.3130        184.3125        184.3125        184.3130        282.3107        282.4328        282.3317        282.3695        316.7648        293.2744    
    27.00000        1.020000        7000000.        7678.679        4.302569        2550.000        1310.363        1310.363        1.802569        4.302569        0.000000        0.000000        0.000000        0.000000        0.000000        0.000000        97379.58        97556.38        1.000000        1.000000        1.000000        1.000000        293.0122        184.3130        184.3125        184.3125        184.3130        282.3107        282.4328        282.3317        282.3695        316.7648        293.2744    
    27.20000        1.020000        7000000.        7678.679        4.302569        2550.000        1310.363        1310.363        1.802569        4.302569        0.000000        0.000000        0.000000        0.000000        0.000000        0.000000        97379.57        97556.39        1.000000        1.000000        1.000000        1.000000        293.0122        184.3130        184.3125        184.3125        184.3130        282.3107        282.4328        282.3317        282.3695        316.7648        293.2744    
    27.40000        1.020000        7000000.        7678.679        4.302569        2550.000        1310.363        1310.363        1.802569        4.302569        0.000000        0.000000        0.000000        0.000000        0.000000        0.000000        97379.57        97556.40        1.000000        1.000000        1.000000        1.000000        293.0122        184.3130        184.3125        184.3125        184.3130        282.3107        282.4328        282.3317        282.3695        316.7648        293.2744    
    27.60000        1.020000        7000000.        7678.679        4.302569        2550.000        1310.363        1310.363        1.802569        4.302569        0.000000        0.000000        0.000000        0.000000        0.000000        0.000000        97379.56        97556.41        1.000000        1.000000        1.000000        1.000000        293.0122        184.3130        184.3125        184.3125        184.3130        282.3107        282.4328        282.3317        282.3695        316.7648        293.2745    
    27.80000        1.020000        7000000.        7678.679        4.302569        2550.000        1310.363        1310.363        1.802569        4.302569        0.000000        0.000000        0.000000        0.000000        0.000000        0.000000        97379.55        97556.43        1.000000        1.000000        1.000000        1.000000        293.0122        184.3130        184.3125        184.3125        184.3130        282.3107        282.4328        282.3317        282.3695        316.7648        293.2745    
    28.00000        1.020000        7000000.        7678.679        4.302569        2550.000        1310.363        1310.363        1.802569        4.302569        0.000000        0.000000        0.000000        0.000000        0.000000        0.000000        97379.55        97556.44        1.000000        1.000000        1.000000        1.000000        293.0122        184.3130        184.3125        184.3125        184.3130        282.3107        282.4328        282.3317        282.3695        316.7648        293.2745    
    28.20000        1.020000        7000000.        7678.679        4.302569        2550.000        1310.363        1310.363        1.802569        4.302569        0.000000        0.000000        0.000000        0.000000        0.000000        0.000000        97379.55        97556.45        1.000000        1.000000        1.000000        1.000000        293.0122        184.3130        184.3125        184.3125        184.3130        282.3107        282.4328        282.3317        282.3695        316.7648        293.2745    
    28.40000        1.020000        7000000.        7678.679        4.302569        2550.000        1310.363        1310.363        1.802569        4.302569        0.000000        0.000000        0.000000        0.000000        0.000000        0.000000        97379.54        97556.47        1.000000        1.000000        1.000000        1.000000        293.0122        184.3130        184.3125        184.3125        184.3130        282.3107        282.4328        282.3317        282.3695        316.7648        293.2745    
    28.60000        1.020000        7000000.        7678.679        4.302569        2550.000        1310.363        1310.363        1.802569        4.302569        0.000000        0.000000        0.000000        0.000000        0.000000        0.000000        97379.53        97556.48        1.000000        1.000000        1.000000        1.000000        293.0122        184.3130        184.3125        184.3125        184.3130        282.3107        282.4328        282.3317        282.3695        316.7648        293.2745    
    28.80000        1.020000        7000000.        7678.679        4.302569        2550.000        1310.363        1310.363        1.802569        4.302569        0.000000        0.000000        0.000000        0.000000        0.000000        0.000000        97379.53        97556.49        1.000000        1.000000        1.000000        1.000000        293.0122        184.3130        184.3125        184.3125        184.3130        282.3107        282.4328        282.3317        282.3695        316.7648        293.2746    
    29.00000        1.020000        7000000.        7678.679        4.302569        2550.000        1310.363        1310.363        1.802569        4.302569        0.000000        0.000000        0.000000        0.000000        0.000000        0.000000        97379.52        97556.50        1.000000        1.000000        1.000000        1.000000        293.0122        184.3130        184.3125        184.3125        184.3130        282.3107        282.4328        282.3317        282.3695        316.7648        293.2746    
    29.20000        1.020000        7000000.        7678.679        4.302569        2550.000        1310.363        1310.363        1.802569        4.302569        0.000000        0.000000        0.000000        0.000000        0.000000        0.000000        97379.52        97556.52        1.000000        1.000000        1.000000        1.000000        293.0122        184.3130        184.3125        184.3125        184.3130        282.3107        282.4328        282.3317        282.3695        316.7648        293.2746    
    29.40000        1.020000        7000000.        7678.679        4.302569        2550.000        1310.363        1310.363        1.802569        4.302569        0.000000        0.000000        0.000000        0.000000        0.000000        0.000000        97379.52        97556.52        1.000000        1.000000        1.000000        1.000000        293.0122        184.3130        184.3125        184.3125        184.3130        282.3107        282.4328        282.3317        282.3695        316.7648        293.2746    
    29.60000        1.020000        7000000.        7678.679        4.302569        2550.000        1310.363        1310.363        1.802569        4.302569        0.000000        0.000000        0.000000        0.000000        0.000000        0.000000        97379.51        97556.54        1.000000        1.000000        1.000000        1.000000        293.0122        184.3130        184.3125        184.3125        184.3130        282.3107        282.4328        282.3317        282.3695        316.7648        293.2746    
    29.80000        1.020000        7000000.        7678.679        4.302569        2550.000        1310.363        1310.363        1.802569        4.302569        0.000000        0.000000        0.000000        0.000000        0.000000        0.000000        97379.50        97556.55        1.000000        1.000000        1.000000        1.000000        293.0122        184.3130        184.3125        184.3125        184.3130        282.3107        282.4328        282.3317        282.3695        316.7648        293.2746    
    30.00000        1.020000        7000000.        7678.679        4.302569        2550.000        1310.363        1310.363        1.802569        4.302569        0.000000        0.000000        0.000000        0.000000        0.000000        0.000000        97379.49        97556.56        1.000000        1.000000        1.000000        1.000000        293.0122        184.3130        184.3125        184.3125        184.3130        282.3107        282.4328        282.3317        282.3695        316.7647        293.2747    
    30.20000        1.020000        7000000.        7678.679        4.302569        2550.000        1310.363        1310.363        1.802569        4.302569        0.000000        0.000000        0.000000        0.000000        0.000000        0.000000        97379.49        97556.58        1.000000        1.000000        1.000000        1.000000        293.0122        184.3130        184.3125        184.3125        184.3130        282.3107        282.4328        282.3317        282.3695        316.7647        293.2747    
    30.40000        1.020000        7000000.        7678.679        4.302569        2550.000        1310.363        1310.363        1.802569        4.302569        0.000000        0.000000        0.000000        0.000000        0.000000        0.000000        97379.48        97556.59        1.000000        1.000000        1.000000        1.000000        293.0122        184.3130        184.3125        184.3125        184.3130        282.3107        282.4328        282.3317        282.3695        316.7647        293.2747    
    30.60000        1.020000        7000000.        7678.679        4.302569        2550.000        1310.363        1310.363        1.802569        4.302569        0.000000        0.000000        0.000000        0.000000        0.000000        0.000000        97379.48        97556.60        1.000000        1.000000        1.000000        1.000000        293.0122        184.3130        184.3125        184.3125        184.3130        282.3107        282.4328        282.3317        282.3695        316.7647        293.2747    
    30.80000        1.020000        7000000.        7678.679        4.302569        2550.000        1310.363        1310.363        1.802569        4.302569        0.000000        0.000000        0.000000        0.000000        0.000000        0.000000        97379.48        97556.61        1.000000        1.000000        1.000000        1.000000        293.0122        184.3130        184.3125        184.3125        184.3130        282.3107        282.4328        282.3317        282.3695        316.7647        293.2747    
    31.00000        1.020000        7000000.        7678.679        4.302569        2550.000        1310.363        1310.363        1.802569        4.302569        0.000000        0.000000        0.000000        0.000000        0.000000        0.000000        97379.47        97556.62        1.000000        1.000000        1.000000        1.000000        293.0122        184.3130        184.3125        184.3125        184.3130        282.3107        282.4328        282.3317        282.3695        316.7647        293.2747    
    31.20000        1.020000        7000000.        7678.679        4.302569        2550.000        1310.363        1310.363        1.802569        4.302569        0.000000        0.000000        0.000000        0.000000        0.000000        0.000000        97379.46        97556.63        1.000000        1.000000        1.000000        1.000000        293.0122        184.3130        184.3125        184.3125        184.3130        282.3107        282.4328        282.3317        282.3695        316.7647        293.2747    
    31.40000        1.020000        7000000.        7678.679        4.302569        2550.000        1310.363        1310.363        1.802569        4.302569        0.000000        0.000000        0.000000        0.000000        0.000000        0.000000        97379.46        97556.65        1.000000        1.000000        1.000000        1.000000        293.0122        184.3130        184.3125        184.3125        184.3130        282.3107        282.4328        282.3317        282.3695        316.7647        293.2747    
    31.60000        1.020000        7000000.        7678.679        4.302569        2550.000        1310.363        1310.363        1.802569        4.302569        0.000000        0.000000        0.000000        0.000000        0.000000        0.000000        97379.45        97556.66        1.000000        1.000000        1.000000        1.000000        293.0122        184.3130        184.3125        184.3125        184.3130        282.3107        282.4328        282.3317        282.3695        316.7647        293.2747    
    31.80000        1.020000        7000000.        7678.679        4.302569        2550.000        1310.363        1310.363        1.802569        4.302569        0.000000        0.000000        0.000000        0.000000        0.000000        0.000000        97379.45        97556.67        1.000000        1.000000        1.000000        1.000000        293.0122        184.3130        184.3125        184.3125        184.3130        282.3107        282.4328        282.3317        282.3695        316.7647        293.2748    
    32.00000        1.020000        7000000.        7678.679        4.302569        2550.000        1310.363        1310.363        1.802569        4.302569        0.000000        0.000000        0.000000        0.000000        0.000000        0.000000        97379.45        97556.68        1.000000        1.000000        1.000000        1.000000        293.0122        184.3130        184.3125        184.3125        184.3130        282.3107        282.4328        282.3317        282.3695        316.7647        293.2748    
    32.20000        1.020000        7000000.        7678.679        4.302569        2550.000        1310.363        1310.363        1.802569        4.302569        0.000000        0.000000        0.000000        0.000000        0.000000        0.000000        97379.44        97556.70        1.000000        1.000000        1.000000        1.000000        293.0122        184.3130        184.3125        184.3125        184.3130        282.3107        282.4328        282.3317        282.3695        316.7647        293.2748    
