%  SFR with UO2 fuel 
include "moxsfr.mvol"

set title "Samle file for Gen-IV assignment"
set seed 123456789

pin 1        % fuel pin 
fuel  0.4803  % fuel pellet outer radius
void  0.5003  % cladding inner radius
clad  0.5503  % cladding outer radius
Nacore       % coolant outside of clad

pin 2        % fuel pin 
fuel  0.4803  % fuel pellet outer radius
void  0.5003  % cladding inner radius
clad  0.5503  % cladding outer radius
Nacore       % coolant outside of clad

pin 4        % upper insulator pellet
ZrO2  0.4803  % upper insulator pellet outer radius
void  0.5003  % upper cladding inner radius
clad  0.5503  % upper cladding outer radius
Na           % upper coolant outside of clad

pin 5        % upper gas plenum part of fuel pin
void  0.5003  
clad  0.5503 
Na

pin 6        % end cap 
clad  0.5503 
Na 

pin 7        % lower insulator pellet
ZrO2  0.4803  % lower insulator pellet outer radius
void  0.5003  % lower cladding inner radius
clad  0.5503  % lower cladding outer radius
Na           % lower coolant outside of clad

pin 8        % lower gas plenum part of fuel pin
void  0.5003  
clad  0.5503 
Na

pin 55       % reflector zirconia pin
ZrO2  1.0374
void  1.1252
clad  1.2503
Na

pin 66       % absorber pin
boron 1.840 
void  1.900  
clad  2.000 
Na

pin 9        % dummy pin for filling of lattice
Na

pin 3        % dummy pin for filling of lattice
Nacore

lat  21 2   0.0 0.0 17 17 1.112  % fuel pin latticeff
3 3 3 3 3 3 3 3 3 3 3 3 3 3 3 3 3
 3 3 3 3 3 3 3 3 1 1 1 1 1 1 1 1 3
  3 3 3 3 3 3 3 1 1 1 1 1 1 1 1 1 3
   3 3 3 3 3 3 1 1 1 1 1 1 1 1 1 1 3
    3 3 3 3 3 1 1 1 1 1 1 1 1 1 1 1 3
     3 3 3 3 1 1 1 1 1 1 1 1 1 1 1 1 3
      3 3 3 1 1 1 1 1 1 1 1 1 1 1 1 1 3
       3 3 1 1 1 1 1 1 1 1 1 1 1 1 1 1 3
        3 1 1 1 1 1 1 1 1 1 1 1 1 1 1 1 3
         3 1 1 1 1 1 1 1 1 1 1 1 1 1 1 3 3
          3 1 1 1 1 1 1 1 1 1 1 1 1 1 3 3 3
           3 1 1 1 1 1 1 1 1 1 1 1 1 3 3 3 3
            3 1 1 1 1 1 1 1 1 1 1 1 3 3 3 3 3
             3 1 1 1 1 1 1 1 1 1 1 3 3 3 3 3 3
              3 1 1 1 1 1 1 1 1 1 3 3 3 3 3 3 3
               3 1 1 1 1 1 1 1 1 3 3 3 3 3 3 3 3
                3 3 3 3 3 3 3 3 3 3 3 3 3 3 3 3 3

lat  22 2   0.0 0.0 17 17 1.112  % fuel pin lattice
3 3 3 3 3 3 3 3 3 3 3 3 3 3 3 3 3
 3 3 3 3 3 3 3 3 2 2 2 2 2 2 2 2 3
  3 3 3 3 3 3 3 2 2 2 2 2 2 2 2 2 3
   3 3 3 3 3 3 2 2 2 2 2 2 2 2 2 2 3
    3 3 3 3 3 2 2 2 2 2 2 2 2 2 2 2 3
     3 3 3 3 2 2 2 2 2 2 2 2 2 2 2 2 3
      3 3 3 2 2 2 2 2 2 2 2 2 2 2 2 2 3
       3 3 2 2 2 2 2 2 2 2 2 2 2 2 2 2 3
        3 2 2 2 2 2 2 2 2 2 2 2 2 2 2 2 3
         3 2 2 2 2 2 2 2 2 2 2 2 2 2 2 3 3
          3 2 2 2 2 2 2 2 2 2 2 2 2 2 3 3 3
           3 2 2 2 2 2 2 2 2 2 2 2 2 3 3 3 3
            3 2 2 2 2 2 2 2 2 2 2 2 3 3 3 3 3
             3 2 2 2 2 2 2 2 2 2 2 3 3 3 3 3 3
              3 2 2 2 2 2 2 2 2 2 3 3 3 3 3 3 3
               3 2 2 2 2 2 2 2 2 3 3 3 3 3 3 3 3
                3 3 3 3 3 3 3 3 3 3 3 3 3 3 3 3 3

lat  23 2   0.0 0.0 17 17 1.112  % fuel pin lattice
3 3 3 3 3 3 3 3 3 3 3 3 3 3 3 3 3
 3 3 3 3 3 3 3 3 3 3 3 3 3 3 3 3 3
  3 3 3 3 3 3 3 3 3 3 3 3 3 3 3 3 3
   3 3 3 3 3 3 3 3 3 3 3 3 3 3 3 3 3
    3 3 3 3 3 3 3 3 3 3 3 3 3 3 3 3 3
     3 3 3 3 3 3 3 3 3 3 3 3 3 3 3 3 3
      3 3 3 3 3 3 3 3 3 3 3 3 3 3 3 3 3
       3 3 3 3 3 3 3 3 3 3 3 3 3 3 3 3 3
        3 3 3 3 3 3 3 3 3 3 3 3 3 3 3 3 3
         3 3 3 3 3 3 3 3 3 3 3 3 3 3 3 3 3
          3 3 3 3 3 3 3 3 3 3 3 3 3 3 3 3 3
           3 3 3 3 3 3 3 3 3 3 3 3 3 3 3 3 3
            3 3 3 3 3 3 3 3 3 3 3 3 3 3 3 3 3
             3 3 3 3 3 3 3 3 3 3 3 3 3 3 3 3 3
              3 3 3 3 3 3 3 3 3 3 3 3 3 3 3 3 3
               3 3 3 3 3 3 3 3 3 3 3 3 3 3 3 3 3
                3 3 3 3 3 3 3 3 3 3 3 3 3 3 3 3 3

lat  24 2   0.0 0.0 17 17 1.112  % Upper insulator lattice
9 9 9 9 9 9 9 9 9 9 9 9 9 9 9 9 9
 9 9 9 9 9 9 9 9 4 4 4 4 4 4 4 4 9
  9 9 9 9 9 9 9 4 4 4 4 4 4 4 4 4 9
   9 9 9 9 9 9 4 4 4 4 4 4 4 4 4 4 9
    9 9 9 9 9 4 4 4 4 4 4 4 4 4 4 4 9
     9 9 9 9 4 4 4 4 4 4 4 4 4 4 4 4 9
      9 9 9 4 4 4 4 4 4 4 4 4 4 4 4 4 9
       9 9 4 4 4 4 4 4 4 4 4 4 4 4 4 4 9
        9 4 4 4 4 4 4 4 4 4 4 4 4 4 4 4 9
         9 4 4 4 4 4 4 4 4 4 4 4 4 4 4 9 9
          9 4 4 4 4 4 4 4 4 4 4 4 4 4 9 9 9
           9 4 4 4 4 4 4 4 4 4 4 4 4 9 9 9 9
            9 4 4 4 4 4 4 4 4 4 4 4 9 9 9 9 9
             9 4 4 4 4 4 4 4 4 4 4 9 9 9 9 9 9
              9 4 4 4 4 4 4 4 4 4 9 9 9 9 9 9 9
               9 4 4 4 4 4 4 4 4 9 9 9 9 9 9 9 9
                9 9 9 9 9 9 9 9 9 9 9 9 9 9 9 9 9

lat  25 2   0.0 0.0 17 17 1.112  % Upper plenum pin lattice
9 9 9 9 9 9 9 9 9 9 9 9 9 9 9 9 9
 9 9 9 9 9 9 9 9 5 5 5 5 5 5 5 5 9
  9 9 9 9 9 9 9 5 5 5 5 5 5 5 5 5 9
   9 9 9 9 9 9 5 5 5 5 5 5 5 5 5 5 9
    9 9 9 9 9 5 5 5 5 5 5 5 5 5 5 5 9
     9 9 9 9 5 5 5 5 5 5 5 5 5 5 5 5 9
      9 9 9 5 5 5 5 5 5 5 5 5 5 5 5 5 9
       9 9 5 5 5 5 5 5 5 5 5 5 5 5 5 5 9
        9 5 5 5 5 5 5 5 5 5 5 5 5 5 5 5 9
         9 5 5 5 5 5 5 5 5 5 5 5 5 5 5 9 9
          9 5 5 5 5 5 5 5 5 5 5 5 5 5 9 9 9
           9 5 5 5 5 5 5 5 5 5 5 5 5 9 9 9 9
            9 5 5 5 5 5 5 5 5 5 5 5 9 9 9 9 9
             9 5 5 5 5 5 5 5 5 5 5 9 9 9 9 9 9
              9 5 5 5 5 5 5 5 5 5 9 9 9 9 9 9 9
               9 5 5 5 5 5 5 5 5 9 9 9 9 9 9 9 9
                9 9 9 9 9 9 9 9 9 9 9 9 9 9 9 9 9

lat  26 2   0.0 0.0 17 17 1.112  % Upper end cap lattice
9 9 9 9 9 9 9 9 9 9 9 9 9 9 9 9 9
 9 9 9 9 9 9 9 9 6 6 6 6 6 6 6 6 9
  9 9 9 9 9 9 9 6 6 6 6 6 6 6 6 6 9
   9 9 9 9 9 9 6 6 6 6 6 6 6 6 6 6 9
    9 9 9 9 9 6 6 6 6 6 6 6 6 6 6 6 9
     9 9 9 9 6 6 6 6 6 6 6 6 6 6 6 6 9
      9 9 9 6 6 6 6 6 6 6 6 6 6 6 6 6 9
       9 9 6 6 6 6 6 6 6 6 6 6 6 6 6 6 9
        9 6 6 6 6 6 6 6 6 6 6 6 6 6 6 6 9
         9 6 6 6 6 6 6 6 6 6 6 6 6 6 6 9 9
          9 6 6 6 6 6 6 6 6 6 6 6 6 6 9 9 9
           9 6 6 6 6 6 6 6 6 6 6 6 6 9 9 9 9
            9 6 6 6 6 6 6 6 6 6 6 6 9 9 9 9 9
             9 6 6 6 6 6 6 6 6 6 6 9 9 9 9 9 9
              9 6 6 6 6 6 6 6 6 6 9 9 9 9 9 9 9
               9 6 6 6 6 6 6 6 6 9 9 9 9 9 9 9 9
                9 9 9 9 9 9 9 9 9 9 9 9 9 9 9 9 9

lat  27 2   0.0 0.0 17 17 1.112  % Lower insulator lattice
9 9 9 9 9 9 9 9 9 9 9 9 9 9 9 9 9
 9 9 9 9 9 9 9 9 7 7 7 7 7 7 7 7 9
  9 9 9 9 9 9 9 7 7 7 7 7 7 7 7 7 9
   9 9 9 9 9 9 7 7 7 7 7 7 7 7 7 7 9
    9 9 9 9 9 7 7 7 7 7 7 7 7 7 7 7 9
     9 9 9 9 7 7 7 7 7 7 7 7 7 7 7 7 9
      9 9 9 7 7 7 7 7 7 7 7 7 7 7 7 7 9
       9 9 7 7 7 7 7 7 7 7 7 7 7 7 7 7 9
        9 7 7 7 7 7 7 7 7 7 7 7 7 7 7 7 9
         9 7 7 7 7 7 7 7 7 7 7 7 7 7 7 9 9
          9 7 7 7 7 7 7 7 7 7 7 7 7 7 9 9 9
           9 7 7 7 7 7 7 7 7 7 7 7 7 9 9 9 9
            9 7 7 7 7 7 7 7 7 7 7 7 9 9 9 9 9
             9 7 7 7 7 7 7 7 7 7 7 9 9 9 9 9 9
              9 7 7 7 7 7 7 7 7 7 9 9 9 9 9 9 9
               9 7 7 7 7 7 7 7 7 9 9 9 9 9 9 9 9
                9 9 9 9 9 9 9 9 9 9 9 9 9 9 9 9 9

lat  28 2   0.0 0.0 17 17 1.112  % Lower plenum pin lattice
9 9 9 9 9 9 9 9 9 9 9 9 9 9 9 9 9
 9 9 9 9 9 9 9 9 8 8 8 8 8 8 8 8 9
  9 9 9 9 9 9 9 8 8 8 8 8 8 8 8 8 9
   9 9 9 9 9 9 8 8 8 8 8 8 8 8 8 8 9
    9 9 9 9 9 8 8 8 8 8 8 8 8 8 8 8 9
     9 9 9 9 8 8 8 8 8 8 8 8 8 8 8 8 9
      9 9 9 8 8 8 8 8 8 8 8 8 8 8 8 8 9
       9 9 8 8 8 8 8 8 8 8 8 8 8 8 8 8 9
        9 8 8 8 8 8 8 8 8 8 8 8 8 8 8 8 9
         9 8 8 8 8 8 8 8 8 8 8 8 8 8 8 9 9
          9 8 8 8 8 8 8 8 8 8 8 8 8 8 9 9 9
           9 8 8 8 8 8 8 8 8 8 8 8 8 9 9 9 9
            9 8 8 8 8 8 8 8 8 8 8 8 9 9 9 9 9
             9 8 8 8 8 8 8 8 8 8 8 9 9 9 9 9 9
              9 8 8 8 8 8 8 8 8 8 9 9 9 9 9 9 9
               9 8 8 8 8 8 8 8 8 9 9 9 9 9 9 9 9
                9 9 9 9 9 9 9 9 9 9 9 9 9 9 9 9 9

lat  29 2   0.0 0.0 17 17 1.112  % Lower end cap lattice
9 9 9 9 9 9 9 9 9 9 9 9 9 9 9 9 9
 9 9 9 9 9 9 9 9 6 6 6 6 6 6 6 6 9
  9 9 9 9 9 9 9 6 6 6 6 6 6 6 6 6 9
   9 9 9 9 9 9 6 6 6 6 6 6 6 6 6 6 9
    9 9 9 9 9 6 6 6 6 6 6 6 6 6 6 6 9
     9 9 9 9 6 6 6 6 6 6 6 6 6 6 6 6 9
      9 9 9 6 6 6 6 6 6 6 6 6 6 6 6 6 9
       9 9 6 6 6 6 6 6 6 6 6 6 6 6 6 6 9
        9 6 6 6 6 6 6 6 6 6 6 6 6 6 6 6 9
         9 6 6 6 6 6 6 6 6 6 6 6 6 6 6 9 9
          9 6 6 6 6 6 6 6 6 6 6 6 6 6 9 9 9
           9 6 6 6 6 6 6 6 6 6 6 6 6 9 9 9 9
            9 6 6 6 6 6 6 6 6 6 6 6 9 9 9 9 9
             9 6 6 6 6 6 6 6 6 6 6 9 9 9 9 9 9
              9 6 6 6 6 6 6 6 6 6 9 9 9 9 9 9 9
               9 6 6 6 6 6 6 6 6 9 9 9 9 9 9 9 9
                9 9 9 9 9 9 9 9 9 9 9 9 9 9 9 9 9

lat  50 2   0.0 0.0 15 15 2.3   % Reflector pin lattice
  9  9  9  9  9  9  9  9  9  9  9  9  9  9  9
   9  9  9  9  9  9  9  55 55 55 55 55 55 55 9
    9  9  9  9  9  9  55 55 55 55 55 55 55 55 9
     9  9  9  9  9  55 55 55 55 55 55 55 55 55 9
      9  9  9  9  55 55 55 55 55 55 55 55 55 55 9
       9  9  9  55 55 55 55 55 55 55 55 55 55 55 9
        9  9  55 55 55 55 55 55 55 55 55 55 55 55 9
         9  55 55 55 55 55 55 55 55 55 55 55 55 55 9
          9  55 55 55 55 55 55 55 55 55 55 55 55 9  9
           9  55 55 55 55 55 55 55 55 55 55 55 9  9  9
            9  55 55 55 55 55 55 55 55 55 55 9  9  9  9
             9  55 55 55 55 55 55 55 55 55 9  9  9  9  9
              9  55 55 55 55 55 55 55 55 9  9  9  9  9  9
               9  55 55 55 55 55 55 55 9  9  9  9  9  9  9
                9  9  9  9  9  9  9  9  9  9  9  9  9  9  9


lat  60 2   0.0 0.0 9 9 2.3   % Absorber pin lattice
         9  9  9  9  9  9  9  9  9      
          9  9  9  9  9  9  9  9  9      
           9  9  9  9  66 66 66 9  9      
            9  9  9  66 66 66 66 9  9      
             9  9  66 66 66 66 66 9  9      
              9  6  66 66 66 66 9  9  9      
               9  6  66 66 66 9  9  9  9      
                9  6  9  9  9  9  9  9  9      
                 9  9  9  9  9  9  9  9  9      

surf 1 hexyc 0.0 0.0  7.32  % Wrapper tube inner radius
surf 2 hexyc 0.0 0.0  7.62  % Wrapper tube outer radius

% Cells

cell 1 11 fill 21  -1       % Pin lattice with Carbide fuel
cell 2 11 steel     1 -2    % Wrapper tube
cell 3 11 Nacore       2    % Gap between assemblies
          
cell 4 12 fill 22  -1       % Pin lattice with Carbide fuel 
cell 5 12 steel     1 -2    % Wrapper tube
cell 6 12 Nacore       2    % Gap between assemblies
          
cell 7 13 fill 23  -1       % Pin lattice with Carbide fuel (not used)
cell 8 13 steel     1 -2    % Wrapper tube
cell 9 13 Nacore       2    % Gap between assemblies
          
cell 10 31 fill 24  -1       % Upper insulator lattice 
cell 11 31 steel     1 -2    % Upper wrapper tube
cell 12 31 Na           2    % Upper gap between assemblies
          
cell 13 32 fill 25  -1       % Upper plenum lattice 
cell 14 32 steel     1 -2    % Upper wrapper tube
cell 15 32 Na           2    % Upper gap between assemblies

cell 16 33 fill 26  -1       % Upper end cap lattice 
cell 17 33 steel     1 -2    % Upper wrapper tube
cell 18 33 Na           2    % Upper gap between assemblies
          
cell 19 34 fill 27  -1       % Lower insulator lattice 
cell 20 34 steel     1 -2    % Lower wrapper tube
cell 21 34 Na           2    % Lower gap between assemblies
          
cell 22 35 fill 28  -1       % Lower plenum lattice 
cell 23 35 steel     1 -2    % Lower wrapper tube
cell 24 35 Na           2    % Lower gap between assemblies

cell 25 36 fill 29  -1       % Lower end cap lattice 
cell 26 36 steel     1 -2    % Lower wrapper tube
cell 27 36 Na           2    % Lower gap between assemblies
          
cell 28 18 fill 50  -1       % Reflector pin lattice 
cell 29 18 steel     1 -2    % Wrapper tube
cell 30 18 Na           2    % Gap between assemblies
          
cell 31 15 fill 60  -1       % Absorber pin lattice 
cell 32 15 steel     1 -2    % Wrapper tube
cell 33 15 Na           2    % Gap between assemblies
        
cell 34 19 Na       -1       % Sodium filled wrapper tube 
cell 35 19 steel     1 -2    % Wrapper tube
cell 36 19 Nacore           2    % Gap between assemblies
          
cell 98 99 Na       -2       % Inner dummy sodium assembly
cell 99 99 Na           2    % Outer dummy sodium assembly
          
          
lat 40 3  0.0 0.0 31 31 16.25 % Assembly lattice
 99 99 99 99 99 99 99 99 99 99 99 99 99 99 99 99 99 99 99 99 99 99 99 99 99 99 99 99 99 99 99   
 99 99 99 99 99 99 99 99 99 99 99 99 99 99 99 99 99 99 99 99 99 99 99 99 99 99 99 99 99 99 99   
 99 99 99 99 99 99 99 99 99 99 99 99 99 99 99 18 18 18 18 18 18 18 18 18 18 18 18 18 18 99 99   
 99 99 99 99 99 99 99 99 99 99 99 99 99 99 18 18 18 18 18 18 18 18 18 18 18 18 18 18 18 99 99   
 99 99 99 99 99 99 99 99 99 99 99 99 99 18 18 18 18 18 11 11 11 11 11 11 18 18 18 18 18 99 99   
 99 99 99 99 99 99 99 99 99 99 99 99 18 18 18 11 11 11 11 11 11 11 11 11 11 11 18 18 18 99 99   
 99 99 99 99 99 99 99 99 99 99 99 18 18 18 11 11 11 11 11 11 11 11 11 11 11 11 18 18 18 99 99   
 99 99 99 99 99 99 99 99 99 99 18 18 11 11 11 11 11 11 11 11 11 11 11 11 11 11 11 18 18 99 99   
 99 99 99 99 99 99 99 99 99 18 18 11 11 11 11 11 11 11 11 11 11 11 11 11 11 11 11 18 18 99 99   
 99 99 99 99 99 99 99 99 18 18 11 11 11 11 11 19 11 11 11 11 11 19 11 11 11 11 11 18 18 99 99   
 99 99 99 99 99 99 99 18 18 11 11 11 11 11 11 11 11 11 11 11 11 11 11 11 11 11 11 18 18 99 99   
 99 99 99 99 99 99 18 18 11 11 11 11 11 11 11 11 11 11 11 11 11 11 11 11 11 11 11 18 18 99 99   
 99 99 99 99 99 18 18 11 11 11 11 11 11 11 11 11 11 11 11 11 11 11 11 11 11 11 11 18 18 99 99   
 99 99 99 99 18 18 18 11 11 11 11 11 11 11 11 19 11 19 11 11 11 11 11 11 11 11 18 18 18 99 99   
 99 99 99 18 18 18 11 11 11 11 11 11 11 11 11 11 11 11 11 11 11 11 11 11 11 11 18 18 18 99 99   
 99 99 18 18 18 11 11 11 11 19 11 11 11 19 11 11 11 19 11 11 11 19 11 11 11 11 18 18 18 99 99   
 99 99 18 18 18 11 11 11 11 11 11 11 11 11 11 11 11 11 11 11 11 11 11 11 11 18 18 18 99 99 99   
 99 99 18 18 18 11 11 11 11 11 11 11 11 19 11 19 11 11 11 11 11 11 11 11 18 18 18 99 99 99 99   
 99 99 18 18 11 11 11 11 11 11 11 11 11 11 11 11 11 11 11 11 11 11 11 11 18 18 99 99 99 99 99   
 99 99 18 18 11 11 11 11 11 11 11 11 11 11 11 11 11 11 11 11 11 11 11 18 18 99 99 99 99 99 99   
 99 99 18 18 11 11 11 11 11 11 11 11 11 11 11 11 11 11 11 11 11 11 18 18 99 99 99 99 99 99 99   
 99 99 18 18 11 11 11 11 11 19 11 11 11 11 11 19 11 11 11 11 11 18 18 99 99 99 99 99 99 99 99   
 99 99 18 18 11 11 11 11 11 11 11 11 11 11 11 11 11 11 11 11 18 18 99 99 99 99 99 99 99 99 99   
 99 99 18 18 11 11 11 11 11 11 11 11 11 11 11 11 11 11 11 18 18 99 99 99 99 99 99 99 99 99 99   
 99 99 18 18 18 11 11 11 11 11 11 11 11 11 11 11 11 18 18 18 99 99 99 99 99 99 99 99 99 99 99   
 99 99 18 18 18 11 11 11 11 11 11 11 11 11 11 11 18 18 18 99 99 99 99 99 99 99 99 99 99 99 99   
 99 99 18 18 18 18 18 11 11 11 11 11 11 18 18 18 18 18 99 99 99 99 99 99 99 99 99 99 99 99 99   
 99 99 18 18 18 18 18 18 18 18 18 18 18 18 18 18 18 99 99 99 99 99 99 99 99 99 99 99 99 99 99   
 99 99 18 18 18 18 18 18 18 18 18 18 18 18 18 18 99 99 99 99 99 99 99 99 99 99 99 99 99 99 99   
 99 99 99 99 99 99 99 99 99 99 99 99 99 99 99 99 99 99 99 99 99 99 99 99 99 99 99 99 99 99 99   
 99 99 99 99 99 99 99 99 99 99 99 99 99 99 99 99 99 99 99 99 99 99 99 99 99 99 99 99 99 99 99   

lat  41 3   0.0 0.0 31 31 16.25 % Upper insulator lattice
 99 99 99 99 99 99 99 99 99 99 99 99 99 99 99 99 99 99 99 99 99 99 99 99 99 99 99 99 99 99 99
 99 99 99 99 99 99 99 99 99 99 99 99 99 99 99 99 99 99 99 99 99 99 99 99 99 99 99 99 99 99 99
 99 99 99 99 99 99 99 99 99 99 99 99 99 99 99 99 99 31 31 31 31 31 31 31 31 31 31 99 99 99 99
 99 99 99 99 99 99 99 99 99 99 99 99 99 99 99 31 31 31 31 31 31 31 31 31 31 31 31 31 99 99 99
 99 99 99 99 99 99 99 99 99 99 99 99 99 31 31 31 31 31 31 31 31 31 31 31 31 31 31 31 31 99 99
 99 99 99 99 99 99 99 99 99 99 99 99 31 31 31 31 31 31 31 31 31 31 31 31 31 31 31 31 31 99 99
 99 99 99 99 99 99 99 99 99 99 99 31 31 31 31 31 31 31 31 31 31 31 31 31 31 31 31 31 31 99 99
 99 99 99 99 99 99 99 99 99 99 31 31 31 31 31 31 31 31 31 31 31 31 31 31 31 31 31 31 31 99 99
 99 99 99 99 99 99 99 99 99 31 31 31 31 31 31 31 31 31 31 31 31 31 31 31 31 31 31 31 31 99 99
 99 99 99 99 99 99 99 99 31 31 31 31 31 31 31 31 31 31 31 31 31 31 31 31 31 31 31 31 31 99 99
 99 99 99 99 99 99 99 31 31 31 31 31 31 31 31 31 31 31 31 31 31 31 31 31 31 31 31 31 31 99 99
 99 99 99 99 99 99 31 31 31 31 31 31 31 31 31 31 31 31 31 31 31 31 31 31 31 31 31 31 31 99 99
 99 99 99 99 99 31 31 31 31 31 31 31 31 31 31 31 31 31 31 31 31 31 31 31 31 31 31 31 31 99 99
 99 99 99 99 31 31 31 31 31 31 31 31 31 31 31 31 31 31 31 31 31 31 31 31 31 31 31 31 31 99 99
 99 99 99 99 31 31 31 31 31 31 31 31 31 31 31 31 31 31 31 31 31 31 31 31 31 31 31 31 99 99 99
 99 99 99 31 31 31 31 31 31 31 31 31 31 31 31 31 31 31 31 31 31 31 31 31 31 31 31 31 99 99 99
 99 99 99 31 31 31 31 31 31 31 31 31 31 31 31 31 31 31 31 31 31 31 31 31 31 31 31 99 99 99 99
 99 99 31 31 31 31 31 31 31 31 31 31 31 31 31 31 31 31 31 31 31 31 31 31 31 31 31 99 99 99 99
 99 99 31 31 31 31 31 31 31 31 31 31 31 31 31 31 31 31 31 31 31 31 31 31 31 31 99 99 99 99 99
 99 99 31 31 31 31 31 31 31 31 31 31 31 31 31 31 31 31 31 31 31 31 31 31 31 99 99 99 99 99 99
 99 99 31 31 31 31 31 31 31 31 31 31 31 31 31 31 31 31 31 31 31 31 31 31 99 99 99 99 99 99 99
 99 99 31 31 31 31 31 31 31 31 31 31 31 31 31 31 31 31 31 31 31 31 31 99 99 99 99 99 99 99 99
 99 99 31 31 31 31 31 31 31 31 31 31 31 31 31 31 31 31 31 31 31 31 99 99 99 99 99 99 99 99 99
 99 99 31 31 31 31 31 31 31 31 31 31 31 31 31 31 31 31 31 31 31 99 99 99 99 99 99 99 99 99 99
 99 99 31 31 31 31 31 31 31 31 31 31 31 31 31 31 31 31 31 31 99 99 99 99 99 99 99 99 99 99 99
 99 99 31 31 31 31 31 31 31 31 31 31 31 31 31 31 31 31 31 99 99 99 99 99 99 99 99 99 99 99 99
 99 99 31 31 31 31 31 31 31 31 31 31 31 31 31 31 31 31 99 99 99 99 99 99 99 99 99 99 99 99 99
 99 99 99 31 31 31 31 31 31 31 31 31 31 31 31 31 99 99 99 99 99 99 99 99 99 99 99 99 99 99 99
 99 99 99 99 31 31 31 31 31 31 31 31 31 31 99 99 99 99 99 99 99 99 99 99 99 99 99 99 99 99 99
 99 99 99 99 99 99 99 99 99 99 99 99 99 99 99 99 99 99 99 99 99 99 99 99 99 99 99 99 99 99 99
 99 99 99 99 99 99 99 99 99 99 99 99 99 99 99 99 99 99 99 99 99 99 99 99 99 99 99 99 99 99 99

lat  42 3   0.0 0.0 31 31 16.25 % Upper plenum lattice
 99 99 99 99 99 99 99 99 99 99 99 99 99 99 99 99 99 99 99 99 99 99 99 99 99 99 99 99 99 99 99
 99 99 99 99 99 99 99 99 99 99 99 99 99 99 99 99 99 99 99 99 99 99 99 99 99 99 99 99 99 99 99
 99 99 99 99 99 99 99 99 99 99 99 99 99 99 99 99 99 32 32 32 32 32 32 32 32 32 32 99 99 99 99
 99 99 99 99 99 99 99 99 99 99 99 99 99 99 99 32 32 32 32 32 32 32 32 32 32 32 32 32 99 99 99
 99 99 99 99 99 99 99 99 99 99 99 99 99 32 32 32 32 32 32 32 32 32 32 32 32 32 32 32 32 99 99
 99 99 99 99 99 99 99 99 99 99 99 99 32 32 32 32 32 32 32 32 32 32 32 32 32 32 32 32 32 99 99
 99 99 99 99 99 99 99 99 99 99 99 32 32 32 32 32 32 32 32 32 32 32 32 32 32 32 32 32 32 99 99
 99 99 99 99 99 99 99 99 99 99 32 32 32 32 32 32 32 32 32 32 32 32 32 32 32 32 32 32 32 99 99
 99 99 99 99 99 99 99 99 99 32 32 32 32 32 32 32 32 32 32 32 32 32 32 32 32 32 32 32 32 99 99
 99 99 99 99 99 99 99 99 32 32 32 32 32 32 32 32 32 32 32 32 32 32 32 32 32 32 32 32 32 99 99
 99 99 99 99 99 99 99 32 32 32 32 32 32 32 32 32 32 32 32 32 32 32 32 32 32 32 32 32 32 99 99
 99 99 99 99 99 99 32 32 32 32 32 32 32 32 32 32 32 32 32 32 32 32 32 32 32 32 32 32 32 99 99
 99 99 99 99 99 32 32 32 32 32 32 32 32 32 32 32 32 32 32 32 32 32 32 32 32 32 32 32 32 99 99
 99 99 99 99 32 32 32 32 32 32 32 32 32 32 32 32 32 32 32 32 32 32 32 32 32 32 32 32 32 99 99
 99 99 99 99 32 32 32 32 32 32 32 32 32 32 32 32 32 32 32 32 32 32 32 32 32 32 32 32 99 99 99
 99 99 99 32 32 32 32 32 32 32 32 32 32 32 32 32 32 32 32 32 32 32 32 32 32 32 32 32 99 99 99
 99 99 99 32 32 32 32 32 32 32 32 32 32 32 32 32 32 32 32 32 32 32 32 32 32 32 32 99 99 99 99
 99 99 32 32 32 32 32 32 32 32 32 32 32 32 32 32 32 32 32 32 32 32 32 32 32 32 32 99 99 99 99
 99 99 32 32 32 32 32 32 32 32 32 32 32 32 32 32 32 32 32 32 32 32 32 32 32 32 99 99 99 99 99
 99 99 32 32 32 32 32 32 32 32 32 32 32 32 32 32 32 32 32 32 32 32 32 32 32 99 99 99 99 99 99
 99 99 32 32 32 32 32 32 32 32 32 32 32 32 32 32 32 32 32 32 32 32 32 32 99 99 99 99 99 99 99
 99 99 32 32 32 32 32 32 32 32 32 32 32 32 32 32 32 32 32 32 32 32 32 99 99 99 99 99 99 99 99
 99 99 32 32 32 32 32 32 32 32 32 32 32 32 32 32 32 32 32 32 32 32 99 99 99 99 99 99 99 99 99
 99 99 32 32 32 32 32 32 32 32 32 32 32 32 32 32 32 32 32 32 32 99 99 99 99 99 99 99 99 99 99
 99 99 32 32 32 32 32 32 32 32 32 32 32 32 32 32 32 32 32 32 99 99 99 99 99 99 99 99 99 99 99
 99 99 32 32 32 32 32 32 32 32 32 32 32 32 32 32 32 32 32 99 99 99 99 99 99 99 99 99 99 99 99
 99 99 32 32 32 32 32 32 32 32 32 32 32 32 32 32 32 32 99 99 99 99 99 99 99 99 99 99 99 99 99
 99 99 99 32 32 32 32 32 32 32 32 32 32 32 32 32 99 99 99 99 99 99 99 99 99 99 99 99 99 99 99
 99 99 99 99 32 32 32 32 32 32 32 32 32 32 99 99 99 99 99 99 99 99 99 99 99 99 99 99 99 99 99
 99 99 99 99 99 99 99 99 99 99 99 99 99 99 99 99 99 99 99 99 99 99 99 99 99 99 99 99 99 99 99
 99 99 99 99 99 99 99 99 99 99 99 99 99 99 99 99 99 99 99 99 99 99 99 99 99 99 99 99 99 99 99

lat  43 3   0.0 0.0 31 31 16.25 % Upper end cap lattice
 99 99 99 99 99 99 99 99 99 99 99 99 99 99 99 99 99 99 99 99 99 99 99 99 99 99 99 99 99 99 99
 99 99 99 99 99 99 99 99 99 99 99 99 99 99 99 99 99 99 99 99 99 99 99 99 99 99 99 99 99 99 99
 99 99 99 99 99 99 99 99 99 99 99 99 99 99 99 99 99 33 33 33 33 33 33 33 33 33 33 99 99 99 99
 99 99 99 99 99 99 99 99 99 99 99 99 99 99 99 33 33 33 33 33 33 33 33 33 33 33 33 33 99 99 99
 99 99 99 99 99 99 99 99 99 99 99 99 99 33 33 33 33 33 33 33 33 33 33 33 33 33 33 33 33 99 99
 99 99 99 99 99 99 99 99 99 99 99 99 33 33 33 33 33 33 33 33 33 33 33 33 33 33 33 33 33 99 99
 99 99 99 99 99 99 99 99 99 99 99 33 33 33 33 33 33 33 33 33 33 33 33 33 33 33 33 33 33 99 99
 99 99 99 99 99 99 99 99 99 99 33 33 33 33 33 33 33 33 33 33 33 33 33 33 33 33 33 33 33 99 99
 99 99 99 99 99 99 99 99 99 33 33 33 33 33 33 33 33 33 33 33 33 33 33 33 33 33 33 33 33 99 99
 99 99 99 99 99 99 99 99 33 33 33 33 33 33 33 33 33 33 33 33 33 33 33 33 33 33 33 33 33 99 99
 99 99 99 99 99 99 99 33 33 33 33 33 33 33 33 33 33 33 33 33 33 33 33 33 33 33 33 33 33 99 99
 99 99 99 99 99 99 33 33 33 33 33 33 33 33 33 33 33 33 33 33 33 33 33 33 33 33 33 33 33 99 99
 99 99 99 99 99 33 33 33 33 33 33 33 33 33 33 33 33 33 33 33 33 33 33 33 33 33 33 33 33 99 99
 99 99 99 99 33 33 33 33 33 33 33 33 33 33 33 33 33 33 33 33 33 33 33 33 33 33 33 33 33 99 99
 99 99 99 99 33 33 33 33 33 33 33 33 33 33 33 33 33 33 33 33 33 33 33 33 33 33 33 33 99 99 99
 99 99 99 33 33 33 33 33 33 33 33 33 33 33 33 33 33 33 33 33 33 33 33 33 33 33 33 33 99 99 99
 99 99 99 33 33 33 33 33 33 33 33 33 33 33 33 33 33 33 33 33 33 33 33 33 33 33 33 99 99 99 99
 99 99 33 33 33 33 33 33 33 33 33 33 33 33 33 33 33 33 33 33 33 33 33 33 33 33 33 99 99 99 99
 99 99 33 33 33 33 33 33 33 33 33 33 33 33 33 33 33 33 33 33 33 33 33 33 33 33 99 99 99 99 99
 99 99 33 33 33 33 33 33 33 33 33 33 33 33 33 33 33 33 33 33 33 33 33 33 33 99 99 99 99 99 99
 99 99 33 33 33 33 33 33 33 33 33 33 33 33 33 33 33 33 33 33 33 33 33 33 99 99 99 99 99 99 99
 99 99 33 33 33 33 33 33 33 33 33 33 33 33 33 33 33 33 33 33 33 33 33 99 99 99 99 99 99 99 99
 99 99 33 33 33 33 33 33 33 33 33 33 33 33 33 33 33 33 33 33 33 33 99 99 99 99 99 99 99 99 99
 99 99 33 33 33 33 33 33 33 33 33 33 33 33 33 33 33 33 33 33 33 99 99 99 99 99 99 99 99 99 99
 99 99 33 33 33 33 33 33 33 33 33 33 33 33 33 33 33 33 33 33 99 99 99 99 99 99 99 99 99 99 99
 99 99 33 33 33 33 33 33 33 33 33 33 33 33 33 33 33 33 33 99 99 99 99 99 99 99 99 99 99 99 99
 99 99 33 33 33 33 33 33 33 33 33 33 33 33 33 33 33 33 99 99 99 99 99 99 99 99 99 99 99 99 99
 99 99 99 33 33 33 33 33 33 33 33 33 33 33 33 33 99 99 99 99 99 99 99 99 99 99 99 99 99 99 99
 99 99 99 99 33 33 33 33 33 33 33 33 33 33 99 99 99 99 99 99 99 99 99 99 99 99 99 99 99 99 99
 99 99 99 99 99 99 99 99 99 99 99 99 99 99 99 99 99 99 99 99 99 99 99 99 99 99 99 99 99 99 99
 99 99 99 99 99 99 99 99 99 99 99 99 99 99 99 99 99 99 99 99 99 99 99 99 99 99 99 99 99 99 99

lat  44 3   0.0 0.0 31 31 16.25 % Lower insulator lattice
 99 99 99 99 99 99 99 99 99 99 99 99 99 99 99 99 99 99 99 99 99 99 99 99 99 99 99 99 99 99 99
 99 99 99 99 99 99 99 99 99 99 99 99 99 99 99 99 99 99 99 99 99 99 99 99 99 99 99 99 99 99 99
 99 99 99 99 99 99 99 99 99 99 99 99 99 99 99 99 99 34 34 34 34 34 34 34 34 34 34 99 99 99 99
 99 99 99 99 99 99 99 99 99 99 99 99 99 99 99 34 34 34 34 34 34 34 34 34 34 34 34 34 99 99 99
 99 99 99 99 99 99 99 99 99 99 99 99 99 34 34 34 34 34 34 34 34 34 34 34 34 34 34 34 34 99 99
 99 99 99 99 99 99 99 99 99 99 99 99 34 34 34 34 34 34 34 34 34 34 34 34 34 34 34 34 34 99 99
 99 99 99 99 99 99 99 99 99 99 99 34 34 34 34 34 34 34 34 34 34 34 34 34 34 34 34 34 34 99 99
 99 99 99 99 99 99 99 99 99 99 34 34 34 34 34 34 34 34 34 34 34 34 34 34 34 34 34 34 34 99 99
 99 99 99 99 99 99 99 99 99 34 34 34 34 34 34 34 34 34 34 34 34 34 34 34 34 34 34 34 34 99 99
 99 99 99 99 99 99 99 99 34 34 34 34 34 34 34 34 34 34 34 34 34 34 34 34 34 34 34 34 34 99 99
 99 99 99 99 99 99 99 34 34 34 34 34 34 34 34 34 34 34 34 34 34 34 34 34 34 34 34 34 34 99 99
 99 99 99 99 99 99 34 34 34 34 34 34 34 34 34 34 34 34 34 34 34 34 34 34 34 34 34 34 34 99 99
 99 99 99 99 99 34 34 34 34 34 34 34 34 34 34 34 34 34 34 34 34 34 34 34 34 34 34 34 34 99 99
 99 99 99 99 34 34 34 34 34 34 34 34 34 34 34 34 34 34 34 34 34 34 34 34 34 34 34 34 34 99 99
 99 99 99 99 34 34 34 34 34 34 34 34 34 34 34 34 34 34 34 34 34 34 34 34 34 34 34 34 99 99 99
 99 99 99 34 34 34 34 34 34 34 34 34 34 34 34 34 34 34 34 34 34 34 34 34 34 34 34 34 99 99 99
 99 99 99 34 34 34 34 34 34 34 34 34 34 34 34 34 34 34 34 34 34 34 34 34 34 34 34 99 99 99 99
 99 99 34 34 34 34 34 34 34 34 34 34 34 34 34 34 34 34 34 34 34 34 34 34 34 34 34 99 99 99 99
 99 99 34 34 34 34 34 34 34 34 34 34 34 34 34 34 34 34 34 34 34 34 34 34 34 34 99 99 99 99 99
 99 99 34 34 34 34 34 34 34 34 34 34 34 34 34 34 34 34 34 34 34 34 34 34 34 99 99 99 99 99 99
 99 99 34 34 34 34 34 34 34 34 34 34 34 34 34 34 34 34 34 34 34 34 34 34 99 99 99 99 99 99 99
 99 99 34 34 34 34 34 34 34 34 34 34 34 34 34 34 34 34 34 34 34 34 34 99 99 99 99 99 99 99 99
 99 99 34 34 34 34 34 34 34 34 34 34 34 34 34 34 34 34 34 34 34 34 99 99 99 99 99 99 99 99 99
 99 99 34 34 34 34 34 34 34 34 34 34 34 34 34 34 34 34 34 34 34 99 99 99 99 99 99 99 99 99 99
 99 99 34 34 34 34 34 34 34 34 34 34 34 34 34 34 34 34 34 34 99 99 99 99 99 99 99 99 99 99 99
 99 99 34 34 34 34 34 34 34 34 34 34 34 34 34 34 34 34 34 99 99 99 99 99 99 99 99 99 99 99 99
 99 99 34 34 34 34 34 34 34 34 34 34 34 34 34 34 34 34 99 99 99 99 99 99 99 99 99 99 99 99 99
 99 99 99 34 34 34 34 34 34 34 34 34 34 34 34 34 99 99 99 99 99 99 99 99 99 99 99 99 99 99 99
 99 99 99 99 34 34 34 34 34 34 34 34 34 34 99 99 99 99 99 99 99 99 99 99 99 99 99 99 99 99 99
 99 99 99 99 99 99 99 99 99 99 99 99 99 99 99 99 99 99 99 99 99 99 99 99 99 99 99 99 99 99 99
 99 99 99 99 99 99 99 99 99 99 99 99 99 99 99 99 99 99 99 99 99 99 99 99 99 99 99 99 99 99 99

lat  45 3   0.0 0.0 31 31 16.25 % Lower plenum lattice
 99 99 99 99 99 99 99 99 99 99 99 99 99 99 99 99 99 99 99 99 99 99 99 99 99 99 99 99 99 99 99
 99 99 99 99 99 99 99 99 99 99 99 99 99 99 99 99 99 99 99 99 99 99 99 99 99 99 99 99 99 99 99
 99 99 99 99 99 99 99 99 99 99 99 99 99 99 99 99 99 35 35 35 35 35 35 35 35 35 35 99 99 99 99
 99 99 99 99 99 99 99 99 99 99 99 99 99 99 99 35 35 35 35 35 35 35 35 35 35 35 35 35 99 99 99
 99 99 99 99 99 99 99 99 99 99 99 99 99 35 35 35 35 35 35 35 35 35 35 35 35 35 35 35 35 99 99
 99 99 99 99 99 99 99 99 99 99 99 99 35 35 35 35 35 35 35 35 35 35 35 35 35 35 35 35 35 99 99
 99 99 99 99 99 99 99 99 99 99 99 35 35 35 35 35 35 35 35 35 35 35 35 35 35 35 35 35 35 99 99
 99 99 99 99 99 99 99 99 99 99 35 35 35 35 35 35 35 35 35 35 35 35 35 35 35 35 35 35 35 99 99
 99 99 99 99 99 99 99 99 99 35 35 35 35 35 35 35 35 35 35 35 35 35 35 35 35 35 35 35 35 99 99
 99 99 99 99 99 99 99 99 35 35 35 35 35 35 35 35 35 35 35 35 35 35 35 35 35 35 35 35 35 99 99
 99 99 99 99 99 99 99 35 35 35 35 35 35 35 35 35 35 35 35 35 35 35 35 35 35 35 35 35 35 99 99
 99 99 99 99 99 99 35 35 35 35 35 35 35 35 35 35 35 35 35 35 35 35 35 35 35 35 35 35 35 99 99
 99 99 99 99 99 35 35 35 35 35 35 35 35 35 35 35 35 35 35 35 35 35 35 35 35 35 35 35 35 99 99
 99 99 99 99 35 35 35 35 35 35 35 35 35 35 35 35 35 35 35 35 35 35 35 35 35 35 35 35 35 99 99
 99 99 99 99 35 35 35 35 35 35 35 35 35 35 35 35 35 35 35 35 35 35 35 35 35 35 35 35 99 99 99
 99 99 99 35 35 35 35 35 35 35 35 35 35 35 35 35 35 35 35 35 35 35 35 35 35 35 35 35 99 99 99
 99 99 99 35 35 35 35 35 35 35 35 35 35 35 35 35 35 35 35 35 35 35 35 35 35 35 35 99 99 99 99
 99 99 35 35 35 35 35 35 35 35 35 35 35 35 35 35 35 35 35 35 35 35 35 35 35 35 35 99 99 99 99
 99 99 35 35 35 35 35 35 35 35 35 35 35 35 35 35 35 35 35 35 35 35 35 35 35 35 99 99 99 99 99
 99 99 35 35 35 35 35 35 35 35 35 35 35 35 35 35 35 35 35 35 35 35 35 35 35 99 99 99 99 99 99
 99 99 35 35 35 35 35 35 35 35 35 35 35 35 35 35 35 35 35 35 35 35 35 35 99 99 99 99 99 99 99
 99 99 35 35 35 35 35 35 35 35 35 35 35 35 35 35 35 35 35 35 35 35 35 99 99 99 99 99 99 99 99
 99 99 35 35 35 35 35 35 35 35 35 35 35 35 35 35 35 35 35 35 35 35 99 99 99 99 99 99 99 99 99
 99 99 35 35 35 35 35 35 35 35 35 35 35 35 35 35 35 35 35 35 35 99 99 99 99 99 99 99 99 99 99
 99 99 35 35 35 35 35 35 35 35 35 35 35 35 35 35 35 35 35 35 99 99 99 99 99 99 99 99 99 99 99
 99 99 35 35 35 35 35 35 35 35 35 35 35 35 35 35 35 35 35 99 99 99 99 99 99 99 99 99 99 99 99
 99 99 35 35 35 35 35 35 35 35 35 35 35 35 35 35 35 35 99 99 99 99 99 99 99 99 99 99 99 99 99
 99 99 99 35 35 35 35 35 35 35 35 35 35 35 35 35 99 99 99 99 99 99 99 99 99 99 99 99 99 99 99
 99 99 99 99 35 35 35 35 35 35 35 35 35 35 99 99 99 99 99 99 99 99 99 99 99 99 99 99 99 99 99
 99 99 99 99 99 99 99 99 99 99 99 99 99 99 99 99 99 99 99 99 99 99 99 99 99 99 99 99 99 99 99
 99 99 99 99 99 99 99 99 99 99 99 99 99 99 99 99 99 99 99 99 99 99 99 99 99 99 99 99 99 99 99

lat  46 3   0.0 0.0 31 31 16.25 % Lower end cap lattice
 99 99 99 99 99 99 99 99 99 99 99 99 99 99 99 99 99 99 99 99 99 99 99 99 99 99 99 99 99 99 99
 99 99 99 99 99 99 99 99 99 99 99 99 99 99 99 99 99 99 99 99 99 99 99 99 99 99 99 99 99 99 99
 99 99 99 99 99 99 99 99 99 99 99 99 99 99 99 99 99 36 36 36 36 36 36 36 36 36 36 99 99 99 99
 99 99 99 99 99 99 99 99 99 99 99 99 99 99 99 36 36 36 36 36 36 36 36 36 36 36 36 36 99 99 99
 99 99 99 99 99 99 99 99 99 99 99 99 99 36 36 36 36 36 36 36 36 36 36 36 36 36 36 36 36 99 99
 99 99 99 99 99 99 99 99 99 99 99 99 36 36 36 36 36 36 36 36 36 36 36 36 36 36 36 36 36 99 99
 99 99 99 99 99 99 99 99 99 99 99 36 36 36 36 36 36 36 36 36 36 36 36 36 36 36 36 36 36 99 99
 99 99 99 99 99 99 99 99 99 99 36 36 36 36 36 36 36 36 36 36 36 36 36 36 36 36 36 36 36 99 99
 99 99 99 99 99 99 99 99 99 36 36 36 36 36 36 36 36 36 36 36 36 36 36 36 36 36 36 36 36 99 99
 99 99 99 99 99 99 99 99 36 36 36 36 36 36 36 36 36 36 36 36 36 36 36 36 36 36 36 36 36 99 99
 99 99 99 99 99 99 99 36 36 36 36 36 36 36 36 36 36 36 36 36 36 36 36 36 36 36 36 36 36 99 99
 99 99 99 99 99 99 36 36 36 36 36 36 36 36 36 36 36 36 36 36 36 36 36 36 36 36 36 36 36 99 99
 99 99 99 99 99 36 36 36 36 36 36 36 36 36 36 36 36 36 36 36 36 36 36 36 36 36 36 36 36 99 99
 99 99 99 99 36 36 36 36 36 36 36 36 36 36 36 36 36 36 36 36 36 36 36 36 36 36 36 36 36 99 99
 99 99 99 99 36 36 36 36 36 36 36 36 36 36 36 36 36 36 36 36 36 36 36 36 36 36 36 36 99 99 99
 99 99 99 36 36 36 36 36 36 36 36 36 36 36 36 36 36 36 36 36 36 36 36 36 36 36 36 36 99 99 99
 99 99 99 36 36 36 36 36 36 36 36 36 36 36 36 36 36 36 36 36 36 36 36 36 36 36 36 99 99 99 99
 99 99 36 36 36 36 36 36 36 36 36 36 36 36 36 36 36 36 36 36 36 36 36 36 36 36 36 99 99 99 99
 99 99 36 36 36 36 36 36 36 36 36 36 36 36 36 36 36 36 36 36 36 36 36 36 36 36 99 99 99 99 99
 99 99 36 36 36 36 36 36 36 36 36 36 36 36 36 36 36 36 36 36 36 36 36 36 36 99 99 99 99 99 99
 99 99 36 36 36 36 36 36 36 36 36 36 36 36 36 36 36 36 36 36 36 36 36 36 99 99 99 99 99 99 99
 99 99 36 36 36 36 36 36 36 36 36 36 36 36 36 36 36 36 36 36 36 36 36 99 99 99 99 99 99 99 99
 99 99 36 36 36 36 36 36 36 36 36 36 36 36 36 36 36 36 36 36 36 36 99 99 99 99 99 99 99 99 99
 99 99 36 36 36 36 36 36 36 36 36 36 36 36 36 36 36 36 36 36 36 99 99 99 99 99 99 99 99 99 99
 99 99 36 36 36 36 36 36 36 36 36 36 36 36 36 36 36 36 36 36 99 99 99 99 99 99 99 99 99 99 99
 99 99 36 36 36 36 36 36 36 36 36 36 36 36 36 36 36 36 36 99 99 99 99 99 99 99 99 99 99 99 99
 99 99 36 36 36 36 36 36 36 36 36 36 36 36 36 36 36 36 99 99 99 99 99 99 99 99 99 99 99 99 99
 99 99 99 36 36 36 36 36 36 36 36 36 36 36 36 36 99 99 99 99 99 99 99 99 99 99 99 99 99 99 99
 99 99 99 99 36 36 36 36 36 36 36 36 36 36 99 99 99 99 99 99 99 99 99 99 99 99 99 99 99 99 99
 99 99 99 99 99 99 99 99 99 99 99 99 99 99 99 99 99 99 99 99 99 99 99 99 99 99 99 99 99 99 99
 99 99 99 99 99 99 99 99 99 99 99 99 99 99 99 99 99 99 99 99 99 99 99 99 99 99 99 99 99 99 99

surf 3 cyl   0.0 0.0 215     % Reflector radius
surf 4 cyl   0.0 0.0 315      % System radius

surf 10 pz  -100.0              
surf 11 pz  -73.0             % Bottom of lower end cap
surf 12 pz  -68.0             % Bottom of gas plenum
surf 13 pz   -51.0             % Bottom of insulator pellet
surf 14 pz   -50.0             % Bottom of active zone
surf 15 pz    50.0             % Top of active zone
surf 16 pz    51.0             % Top of insulator pellet
surf 17 pz    56.0             % Top of gas plenum
surf 18 pz    58.0             % Top of upper end cap
surf 19 pz   100.0

cell 50 0 fill 40  -3      14  -15  % Core  
cell 51 0 Na     3 -4      11  -18  % Radial Na
cell 52 0 Na       -4      10  -11  % Lower axial Na 
cell 54 0 fill 46  -3      11  -12  % Lower end cap
cell 55 0 fill 45  -3      12  -13  % Lower plenum
cell 56 0 fill 44  -3      13  -14  % Lower insulator
cell 57 0 fill 41  -3      15  -16  % Upper insulator 
cell 58 0 fill 42  -3      16  -17  % Upper plenum
cell 59 0 fill 43  -3      17  -18  % Upper end cap
cell 60 0 Na      -4      18  -19  % Upper axial Na

cell 90 0 outside -10               % Outside world  
cell 91 0 outside  19               % Outside world  
cell 92 0 outside   4               % Outside world  



% --- UOX fuel, Pu enrichment 14.00%, react. swing at burnup ~57 MWd/kgU:

mat fuel -10.865 burn 1 %
92238.09c 0.812000   %U8
94238.09c 0.004830   %Pu238
94239.09c 0.071622   %Pu239
94240.09c 0.032844   %Pu240
94241.09c 0.017802   %Pu241
94242.09c 0.010902   %Pu242
95243.09c 0.025000   %Am243
95241.09c 0.025000   %Am241
8016.09c  2


% End pellet

mat ZrO2   -6.0 
  8016.09c -25.7226
 39089.09c  -4.0162
 40090.09c -35.6267
 40091.09c  -7.8558
 40092.09c -12.1398
 40094.09c -12.5705
 40096.09c  -2.0683

% Boron Carbide

mat boron -2.20                   % Enriched boron carbide, 10% porosity
5010.09c  0.900
5011.09c  0.100
6000.09c  0.250

% Steel 

mat clad -7.9                    % Cladding steel (15-15Ti)
  6000.06c   -0.09
 14000.06c   -0.85
 22000.06c   -0.40
 24000.06c  -14.50
 25055.06c   -1.50
 26000.06c  -65.35
 28000.06c  -15.50
 42000.06c   -1.50

mat steel -7.6                    % Wrapper tube steel (T91)
 14028.06c  -0.5000
 23000.06c  -0.2000
 24050.06c  -0.3757
 24052.06c  -7.5330
 24053.06c  -0.8706
 24054.06c  -0.2207
 25055.06c  -0.6000
 26054.06c  -5.0380
 26056.06c -81.2131
 26057.06c  -1.8926
 26058.06c  -0.2564
 28058.06c  -0.1348
 28060.06c  -0.0534
 28061.06c  -0.0024
 28062.06c  -0.0076
 28064.06c  -0.0018
 41093.06c  -0.1000
 42092.06c  -0.1422
 42094.06c  -0.0905
 42095.06c  -0.1575
 42096.06c  -0.1667
 42097.06c  -0.0965
 42098.06c  -0.2465
 42100.06c  -0.1000

% Coolant                         % Na coolant

mat Na -0.821
11023.09c  1.0


mat Nacore -0.821
11023.09c  1.0

mat U238  1.0 92238.12c 1.0
mat Pu238 1.0 94238.12c 1.0
mat Pu239 1.0 94239.12c 1.0
mat Pu240 1.0 94240.12c 1.0
mat Pu241 1.0 94241.12c 1.0
mat Pu242 1.0 94242.12c 1.0
mat Am241 1.0 95243.12c 1.0
mat Am243 1.0 95243.12c 1.0
mat Cm244 1.0 95243.12c 1.0
mat Cm245 1.0 95243.12c 1.0


%set acelib "jeff311.xsdata"
set acelib "/codes/SERPENT/xsdata/jeff311.xsdata"
%set declib "JEFF311RDD"
set declib "/codes/SERPENT/xsdata/sss_jeff311.dec"
%set nfylib "JEFF31NFY"
set nfylib "/codes/SERPENT/xsdata/sss_jeff311.nfy"

mat fertile 1.0 92238.12c 1.0 %top up U238
mat fissile 1.0 94238.12c 1.0 %P238
mat cfissile 1.0 94239.12c 1.0 %P239 is spaltprodukt
mat ccfissile 1.0 94240.12c 1.0 %P240
mat cccfissile 1.0 94241.12c 1.0 %P241
mat ccccfissile 1.0 94242.12c 1.0 %P242

det flux            dm fuel
det fission-fertile dm fuel dr -6  fertile dt 3 flux % (=fission cross) det name dm whichmaterial dr responsenumber materialname dt type param (=result is divided by flux)
det capture-fertile dm fuel dr 102 fertile dt 3 flux %(=capture cross)
det nubar-fertile   dm fuel dr -7  fertile dt 3 fission-fertile % (=/ sigma f)

det fission-fissile dm fuel dr -6  fissile dt 3 flux
det capture-fissile dm fuel dr 102 fissile dt 3 flux
det nubar-fissile   dm fuel dr -7  fissile dt 3 fission-fissile

det fission-cfissile dm fuel dr -6  cfissile dt 3 flux
det capture-cfissile dm fuel dr 102 cfissile dt 3 flux
det nubar-cfissile   dm fuel dr -7  cfissile dt 3 fission-cfissile

det fission-ccfissile dm fuel dr -6  ccfissile dt 3 flux
det capture-ccfissile dm fuel dr 102 ccfissile dt 3 flux
det nubar-ccfissile   dm fuel dr -7  ccfissile dt 3 fission-ccfissile

det fission-cccfissile dm fuel dr -6  cccfissile dt 3 flux
det capture-cccfissile dm fuel dr 102 cccfissile dt 3 flux
det nubar-cccfissile   dm fuel dr -7  cccfissile dt 3 fission-cccfissile

det fission-ccccfissile dm fuel dr -6  ccccfissile dt 3 flux
det capture-ccccfissile dm fuel dr 102 ccccfissile dt 3 flux
det nubar-ccccfissile   dm fuel dr -7  ccccfissile dt 3 fission-ccccfissile


set egrid 1E-5 1E-9 15.0
set pcc leli 10 10

set pop 1500 200 20 

set powdens 27.61E-3

set inventory
070140
070150
922340
922350
922360
922380
942380
942390
942400
942410
942420
952410
952421
952430
962420
962440

dep butot 0.1 0.5 11.79 23.07 34.36 45.64 56.93 68.21 79.5 90.79 102.07 113.36 124.64 135.93 158.5


plot 3 800 800 10 -30 30 -30 30
plot 3 1200 1200 10 -300 300 -300 300
plot 1  1600 1600  0 0 220 0 220
